subreddit,title,votes,comments,post_time,clean_title,polarity,subjectivity,vader_polarity
samsunggalaxy,Samsung A55 disscussion,5,13,"Thursday, March 21,",samsung a55 disscussion,0.0,0.0,0.0
samsunggalaxy,Just bought the new Samsung Galaxy A55 (12GB RAM & 256GB storage),167,161,"Saturday, February 10,",bought new samsung galaxy a55 12gb ram 256gb storage,0.13636363636363635,0.45454545454545453,0.0
samsunggalaxy,"Samsung Keyboard is like Internet Explorer for keyboards, Samsung please wake up, AI is not everything",328,186,"Wednesday, November 22,",samsung keyboard like internet explorer keyboard samsung please wake ai everything,0.0,0.0,0.5859
samsunggalaxy,Samsung users from US: why do you have a Samsung and not Apple?,28,57,"Sunday, May 5,",samsung user u samsung apple,0.0,0.0,0.0
samsunggalaxy,List all the Samsung galaxys you've owned,67,515,"Saturday, February 3,",list samsung galaxy youve owned,0.0,0.0,0.0
samsunggalaxy,Longevity of samsung phones?,13,60,"Monday, January 8,",longevity samsung phone,0.0,0.0,0.0
samsunggalaxy,Samsung Referral Code (2024),10,568,"Friday, January 12,",samsung referral code 2024,0.0,0.0,0.0
samsunggalaxy,Samsung Notes is so good that it's not even funny. 👀,349,104,"Friday, February 23,",samsung note good even funny,0.475,0.8,0.7003
samsunggalaxy,Loving the Samsung ecosystem.,377,98,"Monday, April 22,",loving samsung ecosystem,0.6,0.95,0.5994
samsunggalaxy,When will Samsung learn to make reliable displays?,122,234,"Thursday, February 15,",samsung learn make reliable display,0.0,0.0,0.0
samsunggalaxy,Gonna miss this arguably greatest phone Samsung made.,455,167,"Saturday, December 9,",gonna miss arguably greatest phone samsung made,1.0,1.0,0.3818
samsunggalaxy,What’s your favorite Samsung phone of all times?,34,98,"Thursday, January 25,",whats favorite samsung phone time,0.5,1.0,0.4588
samsunggalaxy,Samsung owes me,333,84,"Friday, October 13,",samsung owes,0.0,0.0,0.0
samsunggalaxy,Why do you think Samsung discontinued the Active series?,74,24,"Tuesday, January 30,",think samsung discontinued active series,-0.13333333333333333,0.6,0.4019
samsunggalaxy,"Survey: Why do you use Samsung, and which brand did you use before Samsung?",15,112,"Monday, February 5,",survey use samsung brand use samsung,0.0,0.0,0.0
samsunggalaxy,Samsung Internet or Chrome?,8,38,"Thursday, January 18,",samsung internet chrome,0.0,0.0,0.0
samsunggalaxy,Samsung S24 Discount Code 10% OFF + 5% OFF + FREE Samsung Watch 6 value £324,10,134,"Saturday, January 27,",samsung s24 discount code 10 5 free samsung watch 6 value 324,0.4,0.8,0.6908
samsunggalaxy,Samsung S24 (base 6.2),6,12,"Monday, January 29,",samsung s24 base 62,-0.8,1.0,0.0
samsunggalaxy,"Keep Notes or ""Samsung"" Notes?",82,120,"Friday, January 5,",keep note samsung note,0.0,0.0,0.0
samsunggalaxy,Never buying a Samsung galaxy ever again.,0,29,"Sunday, April 28,",never buying samsung galaxy ever,0.0,0.0,0.0
samsunggalaxy,Got my new Samsung A55,125,62,"Sunday, January 28,",got new samsung a55,0.13636363636363635,0.45454545454545453,0.0
samsunggalaxy,Samsung laptops are not really as popular as you would expect from the company. What do you think might be the cause of it?,70,101,"Saturday, November 11,",samsung laptop really popular would expect company think might cause,0.6,0.9,0.4754
samsunggalaxy,Some could call me a Samsung fan,261,121,"Wednesday, October 11,",could call samsung fan,0.0,0.0,0.3182
samsunggalaxy,What Galaxy phone is peak Samsung design?,42,135,"Wednesday, January 10,",galaxy phone peak samsung design,0.0,0.0,0.0
samsunggalaxy,Samsung should ditch Exynos chips,92,110,"Tuesday, January 30,",samsung ditch exynos chip,0.0,0.0,0.0
samsunggalaxy,"If you had to use any other mobile brand that wasn't Samsung, which one would it be and why?",137,414,"Friday, December 29,",use mobile brand wasnt samsung one would,0.0,0.0,0.0
samsunggalaxy,i switched from apple to samsung,123,116,"Wednesday, January 17,",switched apple samsung,0.0,0.0,0.0
samsunggalaxy,Samsung S24 series,47,86,"Friday, March 1,",samsung s24 series,0.0,0.0,0.0
samsunggalaxy,"Those of you who don't use Samsung internet, whats your main browser? And why? And what made you not want to use it or switch to it?",26,82,"Friday, January 19,",dont use samsung internet whats main browser made want use switch,0.16666666666666666,0.3333333333333333,0.0772
samsunggalaxy,Samsung Referral Code (2024) (Updated),0,138,"Sunday, February 4,",samsung referral code 2024 updated,0.0,0.0,0.0
samsunggalaxy,Is it me or is the Samsung keyboard 💩?,17,78,"Wednesday, March 13,",samsung keyboard,0.0,0.0,0.0
samsunggalaxy,Samsung why??,55,51,"Friday, January 26,",samsung,0.0,0.0,0.0
samsunggalaxy,Do I NEEED an Samsung or Google Account to Setup my Galaxy Device?,0,29,"Saturday, November 25,",neeed samsung google account setup galaxy device,0.0,0.0,0.0
samsunggalaxy,Samsung Referal and Discount code 2023,3,180,"Tuesday, December 26,",samsung referal discount code 2023,0.0,0.0,0.0
samsunggalaxy,Why do Samsung phones suck nowadays?,0,33,"Monday, March 4,",samsung phone suck nowadays,0.0,0.0,-0.4404
samsunggalaxy,Grain issue on S24U but samsung not providing replacement,116,127,"Monday, February 5,",grain issue s24u samsung providing replacement,0.0,0.0,0.0
samsunggalaxy,Still rocking the Samsung S7,186,51,"Monday, January 22,",still rocking samsung s7,0.0,0.0,0.0
samsunggalaxy,Which Samsung looks the most premium out of these 4?,116,178,"Saturday, May 11,",samsung look premium 4,0.0,0.0,0.0
samsunggalaxy,Latest rumor suggests that the Samsung Galaxy S25 Ultra could ship with 16GB of RAM,15,25,"Monday, December 25,",latest rumor suggests samsung galaxy s25 ultra could ship 16gb ram,0.5,0.9,0.0
samsunggalaxy,Forcing me to install TikTok. I see Samsung is still just as bad as ever,267,381,"Wednesday, May 8,",forcing install tiktok see samsung still bad ever,-0.6999999999999998,0.6666666666666666,-0.5423
samsunggalaxy,Samsung Port Type,60,35,"Tuesday, January 2,",samsung port type,0.0,0.0,0.0
samsunggalaxy,Samsung phone,1,3,"Wednesday, February 28,",samsung phone,0.0,0.0,0.0
samsunggalaxy,Samsung and Samsung's phones throughout the years.,27,18,"Monday, January 29,",samsung samsungs phone throughout year,0.0,0.0,0.0
samsunggalaxy,Can’t preorder s24 on Samsung shop app on iPhone,1,6,"Sunday, November 5,",cant preorder s24 samsung shop app iphone,0.0,0.0,0.0
samsunggalaxy,My Samsung Galaxy S8.,129,77,"Tuesday, August 1,",samsung galaxy s8,0.0,0.0,0.0
samsunggalaxy,I'm still using my Samsung Galaxy S1,32,31,"Sunday, February 18,",im still using samsung galaxy s1,0.0,0.0,0.0
samsunggalaxy,"Alright Samsung, you win....",147,45,"Tuesday, January 23,",alright samsung win,0.8,0.4,0.7003
samsunggalaxy,Does Samsung offer monthly payments?,0,8,,samsung offer monthly payment,0.0,0.0,0.0
samsunggalaxy,wo.. green line issues on samsung phones...... #samsung @samsung #moyemoye...tag that samsung users,1,0,"Wednesday, January 17,",wo green line issue samsung phone samsung samsung moyemoyetag samsung user,-0.2,0.3,0.0
samsunggalaxy,Should I buy my S24 Ultra through Samsung or Verizon?,7,19,"Monday, March 4,",buy s24 ultra samsung verizon,0.0,0.0,0.0
samsunggalaxy,"Samsung Galaxy S25 rumored to use Exynos chips only, no Snapdragon variants",115,180,"Thursday, March 14,",samsung galaxy s25 rumored use exynos chip snapdragon variant,0.0,0.0,0.0
samsunggalaxy,Why tf is my samsung galaxy lagging so much??,0,55,"Friday, February 23,",tf samsung galaxy lagging much,0.2,0.2,-0.2732
samsunggalaxy,Samsung finally releases US update for Samsung S24 lineup,12,26,"Sunday, January 28,",samsung finally release u update samsung s24 lineup,0.0,1.0,0.0
samsunggalaxy,Samsung Galaxy AI only free until 2025?,87,64,"Saturday, January 20,",samsung galaxy ai free 2025,0.4,0.8,0.5106
samsunggalaxy,Samsung Galaxy S24 Ultra vs IPhone 15 Pro Max | Camera comparison,116,203,"Tuesday, February 27,",samsung galaxy s24 ultra v iphone 15 pro max camera comparison,0.0,0.0,0.0
samsunggalaxy,Samsung S24 Ultra pre-release review: premium with buggy elements,12,10,"Saturday, April 13,",samsung s24 ultra prerelease review premium buggy element,0.0,0.0,0.0
samsunggalaxy,"Goodbye: Loyal Workhorse, Samsung Galaxy A50.",154,42,"Sunday, May 19,",goodbye loyal workhorse samsung galaxy a50,0.3333333333333333,0.8333333333333334,0.4767
samsunggalaxy,"Time is now, Why samsung and why apple?",0,15,"Saturday, January 27,",time samsung apple,0.0,0.0,0.0
samsunggalaxy,What's one thing you like about the iPhone that you really wish Samsung could implement.,143,361,"Thursday, May 9,",whats one thing like iphone really wish samsung could implement,0.2,0.2,0.6697
samsunggalaxy,Samsung OS,1,17,"Thursday, May 23,",samsung o,0.0,0.0,0.0
samsunggalaxy,Samsung s24 or Samsung 24 ultra,1,3,"Friday, March 15,",samsung s24 samsung 24 ultra,0.0,0.0,0.0
samsunggalaxy,"Is it only me, or the Note 8 was the best looking Samsung phone?",191,161,"Wednesday, November 8,",note 8 best looking samsung phone,1.0,0.3,0.6369
samsunggalaxy,Do you think Samsung Gauss will also be available for older models?,3,2,"Monday, February 5,",think samsung gauss also available older model,0.2833333333333333,0.3666666666666667,0.0
samsunggalaxy,samsung s24 ultra green line issue,73,74,"Monday, March 11,",samsung s24 ultra green line issue,-0.2,0.3,0.0
samsunggalaxy,Samsung Galaxy Has Cloud Service? Since When?,1,6,"Saturday, January 20,",samsung galaxy cloud service since,0.0,0.0,0.0
samsunggalaxy,"True or false: ""the vast majority of Samsung users are on three-button navigation""",110,237,"Friday, September 15,",true false vast majority samsung user threebutton navigation,-0.0166666666666667,0.75,0.4215
samsunggalaxy,Can i be considered Samsung Fan Boy?😂,185,101,"Tuesday, October 24,",considered samsung fan boy,0.0,0.0,0.3182
samsunggalaxy,Are Samsung phones that customizable?,10,30,"Sunday, September 24,",samsung phone customizable,0.0,0.0,0.0
samsunggalaxy,Just bought the Samsung Galaxy A34!,129,81,"Friday, March 22,",bought samsung galaxy a34,0.0,0.0,0.0
samsunggalaxy,Do you guys use Samsung Wallet or Google Wallet?,9,58,"Sunday, January 21,",guy use samsung wallet google wallet,0.0,0.0,0.0
samsunggalaxy,"I still use a Samsung Galaxy S3 in 2024,ask me anything",81,165,,still use samsung galaxy s3 2024ask anything,0.0,0.0,0.0
samsunggalaxy,"Why do premium samsung displays look better than other premium smartphones,even tho other phones have similar pixel density,display panel and brightness",13,26,"Monday, March 4,",premium samsung display look better premium smartphoneseven tho phone similar pixel densitydisplay panel brightness,0.25,0.45,0.6705
samsunggalaxy,Samsung says they received an empty box,21,77,"Thursday, November 16,",samsung say received empty box,-0.1,0.5,-0.2023
samsunggalaxy,Is there Samsung account for kids and how do you set it up?,4,26,"Friday, May 17,",samsung account kid set,0.0,0.0,0.0
samsunggalaxy,Samsung Galaxy S24 Ultra with Samsung Pay,1,1,"Thursday, January 25,",samsung galaxy s24 ultra samsung pay,0.0,0.0,-0.1027
samsunggalaxy,Super HDR: Another one of Samsung's AI tricks?,4,7,"Saturday, December 23,",super hdr another one samsungs ai trick,0.3333333333333333,0.6666666666666666,0.5719
samsunggalaxy,Gboard vs Samsung Keyboard?,20,63,"Saturday, March 2,",gboard v samsung keyboard,0.0,0.0,0.0
samsunggalaxy,"Samsung Internet Says ""Checking for updates"" when opened",11,9,"Wednesday, December 13,",samsung internet say checking update opened,0.0,0.0,0.0
samsunggalaxy,Thank you samsung,94,40,"Saturday, February 17,",thank samsung,0.0,0.0,0.3612
samsunggalaxy,Samsung Galaxy Note10 in 2024,28,27,"Tuesday, April 9,",samsung galaxy note10 2024,0.0,0.0,0.0
samsunggalaxy,Samsung s21 or Samsung s23 FE?,2,3,"Thursday, December 28,",samsung s21 samsung s23 fe,0.0,0.0,0.0
samsunggalaxy,Why Samsung galaxy?,2,26,"Tuesday, November 28,",samsung galaxy,0.0,0.0,0.0
samsunggalaxy,Samsung Referral Code (2023) (Updated),0,84,"Wednesday, January 24,",samsung referral code 2023 updated,0.0,0.0,0.0
samsunggalaxy,Samsung AI is a joke,1,15,"Saturday, March 30,",samsung ai joke,0.0,0.0,0.296
samsunggalaxy,Is it worth upgrading from the Samsung A31 to the Samsung A55 or Samsung A35?,1,4,"Thursday, January 18,",worth upgrading samsung a31 samsung a55 samsung a35,0.3,0.1,0.2263
samsunggalaxy,Are Galaxy AI for Samsung Notes coming to Galaxy Tab S9 ?,1,2,"Friday, February 23,",galaxy ai samsung note coming galaxy tab s9,0.0,0.0,0.0
samsunggalaxy,"Samsung ecosystems are a must, regardless of age.",109,60,"Sunday, November 26,",samsung ecosystem must regardless age,0.0,0.0,0.0
samsunggalaxy,Curious how long do samsung phones last as an iphone user,23,99,"Monday, March 25,",curious long samsung phone last iphone user,-0.05000000000000001,0.4888888888888889,0.3182
samsunggalaxy,Samsung Galaxy s23 refresh rate,38,41,"Friday, December 1,",samsung galaxy s23 refresh rate,0.0,0.0,0.0
samsunggalaxy,How well is Samsung/Windows ecosystem working for you?,7,13,"Tuesday, September 12,",well samsungwindows ecosystem working,0.0,0.0,0.2732
samsunggalaxy,Samsung slapping themselves right now,154,60,"Thursday, March 21,",samsung slapping right,0.2857142857142857,0.5357142857142857,0.0
samsunggalaxy,Which Samsung phone should I buy?,0,6,"Monday, February 26,",samsung phone buy,0.0,0.0,0.0
samsunggalaxy,Green line issue in samsung s22 ultra 1.5 year old,132,88,"Friday, October 27,",green line issue samsung s22 ultra 15 year old,-0.05,0.25,0.0
samsunggalaxy,Why do Samsung want to use Exynos in their new upcoming S24 lineup ??,36,41,"Saturday, April 27,",samsung want use exynos new upcoming s24 lineup,0.13636363636363635,0.45454545454545453,0.0772
samsunggalaxy,Samsung or Google apps?,4,31,"Tuesday, February 6,",samsung google apps,0.0,0.0,0.0
samsunggalaxy,It's impressive just how truly terrible Samsung Keyboard is,11,66,,impressive truly terrible samsung keyboard,0.0,1.0,0.4767
samsunggalaxy,sorry samsung lovers!,0,25,"Friday, January 12,",sorry samsung lover,-0.5,1.0,0.5423
samsunggalaxy,Samsung Galaxy S24 Ultra,0,33,"Sunday, May 12,",samsung galaxy s24 ultra,0.0,0.0,0.0
samsunggalaxy,I had my Samsung Galaxy S10 for four years..,34,58,"Sunday, February 4,",samsung galaxy s10 four year,0.0,0.0,0.0
samsunggalaxy,What are some of the craziest deals you've gotten for a Samsung device and how much?,77,155,"Friday, January 5,",craziest deal youve gotten samsung device much,0.2,0.2,-0.0516
samsunggalaxy,Apple copy’s samsung huh,0,66,"Saturday, September 30,",apple copy samsung huh,0.0,0.0,0.0
samsunggalaxy,Look for advice about upgrading to a new Samsung phone.,1,9,"Saturday, February 17,",look advice upgrading new samsung phone,0.13636363636363635,0.45454545454545453,0.0
samsunggalaxy,Samsung messed up with Samsung Wallet (Pay)!! (in Germany),0,12,"Tuesday, November 7,",samsung messed samsung wallet pay germany,0.0,0.0,-0.4215
samsunggalaxy,"📌Samsung Galaxy S24 Ultra expected to launch on January 17, According to CNBC... Are you excited ?📌",28,81,"Friday, May 24,",samsung galaxy s24 ultra expected launch january 17 according cnbc excited,0.1375,0.575,0.34
samsunggalaxy,Samsung tab s9 fe + vs samsung tab s9,1,0,"Saturday, June 17,",samsung tab s9 fe v samsung tab s9,0.0,0.0,0.0
samsunggalaxy,google vs samsung apps,11,37,"Saturday, May 11,",google v samsung apps,0.0,0.0,0.0
samsunggalaxy,Samsung is spying,0,20,"Saturday, February 24,",samsung spying,0.0,0.0,0.0
samsunggalaxy,For Those That Bought an S24 from Samsung,2,8,"Monday, April 8,",bought s24 samsung,0.0,0.0,0.0
samsunggalaxy,Samsung S24 Ultra and Samsung Free,2,0,"Tuesday, March 19,",samsung s24 ultra samsung free,0.4,0.8,0.5106
samsunggalaxy,Good riddance to my Samsung Galaxy S20+ BTS edition,98,49,"Tuesday, January 9,",good riddance samsung galaxy s20 bts edition,0.7,0.6000000000000001,0.4404
samsunggalaxy,Why is Samsung moving away from curved displays?,19,86,"Sunday, December 3,",samsung moving away curved display,0.0,0.0,0.0
samsunggalaxy,Does manufactured country matter when buying a Samsung phone?,7,11,"Wednesday, May 15,",manufactured country matter buying samsung phone,0.0,0.0,0.0258
samsunggalaxy,What samsung phone is this?,14,26,"Tuesday, September 12,",samsung phone,0.0,0.0,0.0
samsunggalaxy,Samsung Visit In,4,7,"Thursday, May 9,",samsung visit,0.0,0.0,0.0
samsunggalaxy,My Samsung keeps rebooting,9,22,"Wednesday, March 6,",samsung keep rebooting,0.0,0.0,0.0
samsunggalaxy,Samsung Instagram issue,10,16,"Monday, January 22,",samsung instagram issue,0.0,0.0,0.0
samsunggalaxy,Thanks for the update Samsung. Now I have 2 colorful lines!! 😑,57,125,"Friday, January 19,",thanks update samsung 2 colorful line,0.25,0.30000000000000004,0.4404
samsunggalaxy,My Official Unboxing Of the Samsung Galaxy S24 Ultra AMA,8,38,"Tuesday, April 23,",official unboxing samsung galaxy s24 ultra ama,0.0,0.0,0.0
samsunggalaxy,Samsung support at its finest,109,17,"Sunday, November 19,",samsung support finest,0.0,0.0,0.4019
samsunggalaxy,Why I'm thinking of switching from Samsung.,72,68,,im thinking switching samsung,0.0,0.0,0.0
samsunggalaxy,cheap samsung?,4,10,"Friday, March 1,",cheap samsung,0.4,0.7,0.0
samsunggalaxy,Samsung S23 + vs Samsung S24+,1,2,"Friday, March 15,",samsung s23 v samsung s24,0.0,0.0,0.0
samsunggalaxy,Samsung internet,1,0,"Wednesday, April 3,",samsung internet,0.0,0.0,0.0
samsunggalaxy,New Colorize feature of Samsung AI is insanely good,139,41,"Monday, October 2,",new colorize feature samsung ai insanely good,0.41818181818181815,0.5272727272727273,0.4404
samsunggalaxy,Insane how the cheapest Samsung phones have the best battery life,104,107,"Thursday, January 18,",insane cheapest samsung phone best battery life,0.0,0.65,0.3612
samsunggalaxy,Samsung Referral Code,0,36,"Friday, January 19,",samsung referral code,0.0,0.0,0.0
samsunggalaxy,Samsung Galaxy S and Note series collection.,26,6,"Tuesday, May 7,",samsung galaxy note series collection,0.0,0.0,0.0
samsunggalaxy,Samsung android issue,10,14,"Sunday, November 19,",samsung android issue,0.0,0.0,0.0
samsunggalaxy,Can anyone explain why Samsung feels the need to install apps on our phone that we didn't ask for?,16,18,"Tuesday, January 23,",anyone explain samsung feel need install apps phone didnt ask,0.0,0.0,0.0
samsunggalaxy,Wanna know where Samsung got their exclusive colors from?,351,26,"Sunday, March 17,",wanna know samsung got exclusive color,0.0,0.0,0.128
samsunggalaxy,So...time to ditch Samsung?,0,24,"Saturday, October 21,",sotime ditch samsung,0.0,0.0,0.0
samsunggalaxy,My current Samsung Galaxy lineup,140,39,"Friday, January 26,",current samsung galaxy lineup,0.0,0.4,0.0
samsunggalaxy,"I hear that Samsung usually updates the camera after a new model is released, is this true?",1,6,"Tuesday, November 7,",hear samsung usually update camera new model released true,0.07878787878787878,0.4515151515151515,0.4215
samsunggalaxy,Pixel shows more wifi networks than Samsung,95,60,"Sunday, March 3,",pixel show wifi network samsung,0.0,0.0,0.0
samsunggalaxy,Wtf Samsung?! What is this phone?!?,0,19,"Sunday, March 24,",wtf samsung phone,-0.5,1.0,-0.5859
samsunggalaxy,Referral code for Samsung!!,6,26,"Saturday, November 11,",referral code samsung,0.0,0.0,0.0
samsunggalaxy,What Galaxy phone to buy next year (2024),9,10,"Saturday, April 20,",galaxy phone buy next year 2024,0.0,0.0,0.0
samsunggalaxy,"Just purchased Samsung s24 ultra, and the finger print is broken 💔😭",30,80,"Saturday, January 20,",purchased samsung s24 ultra finger print broken,-0.4,0.4,-0.4767
samsunggalaxy,New Samsung user,3,4,"Sunday, May 12,",new samsung user,0.13636363636363635,0.45454545454545453,0.0
samsunggalaxy,Best Samsung phones for 60+ year old man?,16,38,"Thursday, January 25,",best samsung phone 60 year old man,0.55,0.25,0.6369
samsunggalaxy,Samsung Keyboard is just bad compared to Gboard,32,60,"Tuesday, March 19,",samsung keyboard bad compared gboard,-0.6999999999999998,0.6666666666666666,-0.5423
samsunggalaxy,I Just Got My First Samsung after 9 Years Of Apple,90,60,"Saturday, June 3,",got first samsung 9 year apple,0.25,0.3333333333333333,0.0
samsunggalaxy,Will Samsung bring back the 6.9 inch display?,47,64,"Wednesday, January 17,",samsung bring back 69 inch display,0.0,0.0,0.0
samsunggalaxy,I'm done with samsung,3,36,"Saturday, January 27,",im done samsung,0.0,0.0,0.0
samsunggalaxy,The S24 Shield Case is absolute Garbage,109,86,,s24 shield case absolute garbage,0.2,0.9,0.0
samsunggalaxy,Samsung Notes crisis,0,17,"Thursday, February 29,",samsung note crisis,0.0,0.0,-0.6249
samsunggalaxy,Samsung phone refuses to save passkeys to any app other than Samsung Pass,4,3,"Tuesday, January 23,",samsung phone refuse save passkey app samsung pas,0.0,0.0,0.25
samsunggalaxy,Samsung S21 Ultra vs Samsung S8,2,2,"Thursday, February 8,",samsung s21 ultra v samsung s8,0.0,0.0,0.0
samsunggalaxy,Perfect example of Samsung's aggressive and broken photo processing,47,61,"Friday, February 16,",perfect example samsungs aggressive broken photo processing,0.3,0.7,0.0
samsunggalaxy,S24 Ultra - International Versions?,9,18,"Tuesday, February 27,",s24 ultra international version,0.0,0.0,0.0
samsunggalaxy,Samsung Galaxy S6 Edge not turning on.,42,40,"Friday, April 5,",samsung galaxy s6 edge turning,0.0,0.0,0.0
samsunggalaxy,Where did the Samsung swipe gestures go??,12,35,"Thursday, April 4,",samsung swipe gesture go,0.0,0.0,0.0
samsunggalaxy,Is this the standard package for the Samsung S23?,104,34,"Sunday, February 11,",standard package samsung s23,0.0,0.0,0.0
samsunggalaxy,I finally moved my passwords from Google to Samsung Pass!,87,55,"Friday, January 19,",finally moved password google samsung pas,0.0,1.0,0.0
samsunggalaxy,I’m ready. Back to Samsung after 2 years of iPhone.,96,81,"Saturday, March 30,",im ready back samsung 2 year iphone,0.1,0.25,0.3612
samsunggalaxy,Samsung Internet Browser,5,7,"Wednesday, February 7,",samsung internet browser,0.0,0.0,0.0
samsunggalaxy,"So apparently the 🤣 emoji on Samsung is broken to the degree it just shows Google emoji font, instead of Samsung",25,32,"Monday, October 2,",apparently emoji samsung broken degree show google emoji font instead samsung,-0.17500000000000002,0.375,-0.4767
samsunggalaxy,I'm having a tough time from choosing Samsung 23 or an iPhone 15 pro,11,69,"Friday, October 27,",im tough time choosing samsung 23 iphone 15 pro,-0.3888888888888889,0.8333333333333334,-0.128
samsunggalaxy,Samsung bricked thousands of S22 Ultra's,44,53,"Sunday, May 21,",samsung bricked thousand s22 ultras,0.0,0.0,0.0
samsunggalaxy,"Samsung Trade-in lies so much lol. They said I sent in a Note 9, which I have never owned.",89,45,"Monday, January 22,",samsung tradein lie much lol said sent note 9 never owned,0.8,0.7,0.4215
samsunggalaxy,Samsung Pay not working,28,27,"Wednesday, April 17,",samsung pay working,0.0,0.0,-0.1027
samsunggalaxy,Why doesn't samsung ditch the use of Amoled?,0,25,"Friday, January 26,",doesnt samsung ditch use amoled,0.0,0.0,0.0
samsunggalaxy,Settings issue? Samsung S9//Samsung A23,1,0,"Sunday, January 28,",setting issue samsung s9samsung a23,0.0,0.0,0.0
samsunggalaxy,Samsung slow delivery,0,4,"Monday, April 8,",samsung slow delivery,-0.30000000000000004,0.39999999999999997,0.0
samsunggalaxy,Samsung Vs Apple upgrades.,28,14,"Friday, February 9,",samsung v apple upgrade,0.0,0.0,0.0
samsunggalaxy,Samsung Keyboard AI Features,1,2,"Wednesday, August 9,",samsung keyboard ai feature,0.0,0.0,0.0
samsunggalaxy,Another typo by Samsung...,108,38,"Tuesday, February 13,",another typo samsung,0.0,0.0,0.0
samsunggalaxy,Is Samsung Galaxy S9 still good?,3,26,"Thursday, May 9,",samsung galaxy s9 still good,0.7,0.6000000000000001,0.4404
samsunggalaxy,Samsung screen Protector,1,8,,samsung screen protector,0.0,0.0,0.0
samsunggalaxy,Is there a Samsung Answer to ProRes/Log Video?,4,5,"Saturday, April 22,",samsung answer proreslog video,0.0,0.0,0.0
samsunggalaxy,Samsung 😱💪💪💪,183,27,"Friday, May 3,",samsung,0.0,0.0,0.0
samsunggalaxy,Samsung galaxy s24 ultra fake or real.,0,14,"Friday, September 15,",samsung galaxy s24 ultra fake real,-0.15,0.65,-0.4767
samsunggalaxy,Brand new 12 year old Samsung,161,37,"Monday, February 26,",brand new 12 year old samsung,0.11818181818181818,0.32727272727272727,0.0
samsunggalaxy,Samsung Help,0,3,"Friday, March 22,",samsung help,0.0,0.0,0.4019
samsunggalaxy,I hate that I'm being held hostage by Samsung into having a Samsung account,0,8,"Friday, April 7,",hate im held hostage samsung samsung account,-0.8,0.9,-0.5719
samsunggalaxy,Does Samsung deliberately slow down its phones?,7,45,"Tuesday, May 21,",samsung deliberately slow phone,-0.30000000000000004,0.39999999999999997,0.0
samsunggalaxy,Samsung note 10 green screen,21,11,"Thursday, August 17,",samsung note 10 green screen,-0.2,0.3,0.0
samsunggalaxy,Does anyone know what Samsung this is? Can’t get it switched on to find out.,19,17,"Sunday, April 28,",anyone know samsung cant get switched find,0.0,0.0,0.0
samsunggalaxy,Is Samsung's One UI worth ditching for the Pixel's Stock Android?,17,54,"Saturday, January 27,",samsungs one ui worth ditching pixel stock android,0.3,0.1,0.2263
samsunggalaxy,Trying to buy an S24+ from Samsung.com - what a cluster (discussion wanted),1,1,"Friday, May 3,",trying buy s24 samsungcom cluster discussion wanted,0.0,0.0,0.0
samsunggalaxy,Samsung Health friends!,4,7,"Sunday, August 6,",samsung health friend,0.0,0.0,0.4939
samsunggalaxy,Google or Samsung apps?,3,8,"Wednesday, March 6,",google samsung apps,0.0,0.0,0.0
samsunggalaxy,Is Samsung Travel Adapter 25W better than 2pinSamsung 25W Travel Adapter 3Pin?,1,7,"Monday, December 25,",samsung travel adapter 25w better 2pinsamsung 25w travel adapter 3pin,0.5,0.5,0.4404
samsunggalaxy,Guys what phone is this ? I know its a Samsung,27,48,"Monday, April 1,",guy phone know samsung,0.0,0.0,0.0
samsunggalaxy,Samsung 😭,0,8,"Monday, September 25,",samsung,0.0,0.0,0.0
samsunggalaxy,Samsung made a genius move by jumping from S10 straight to S20,69,30,"Tuesday, December 12,",samsung made genius move jumping s10 straight s20,0.2,0.4,0.2263
samsunggalaxy,Benefit of Samsung earbuds over non samsung?,4,4,"Saturday, February 11,",benefit samsung earbuds non samsung,0.0,0.0,0.4588
samsunggalaxy,"Did anyone switched from iOS to Android (Samsung, to be specific) recently? I really enjoy their new phone as a whole. What's your experience? Take into consideration that I mostly use my smartphone for social media & photogrpahy. Thank you! (photo credit: Bobby Oliver/CNET)",57,36,"Tuesday, February 27,",anyone switched io android samsung specific recently really enjoy new phone whole whats experience take consideration mostly use smartphone social medium photogrpahy thank photo credit bobby olivercnet,0.21161616161616162,0.3410353535353536,0.8221
samsunggalaxy,Samsung browser crashes when autofilling login credentials via Samsung Pass.,3,2,"Thursday, January 25,",samsung browser crash autofilling login credential via samsung pas,0.0,0.0,-0.4019
samsunggalaxy,Can I still get a Samsung Galaxy S22 Ultra in 2024?,1,2,"Friday, March 1,",still get samsung galaxy s22 ultra 2024,0.0,0.0,0.0
samsunggalaxy,I'm getting tired of Samsung,0,27,"Thursday, January 11,",im getting tired samsung,-0.4,0.7,-0.4404
samsunggalaxy,How long between Samsung Unpacked and S24 actually shipping?,1,4,"Friday, March 29,",long samsung unpacked s24 actually shipping,-0.025,0.25,0.0
samsunggalaxy,Samsung can't blame Apple's iPhone monopoly for a lifetime of terrible software,57,68,"Wednesday, January 31,",samsung cant blame apple iphone monopoly lifetime terrible software,-1.0,1.0,-0.2649
samsunggalaxy,Using Samsung with MacBook in 2024,5,8,,using samsung macbook 2024,0.0,0.0,0.0
samsunggalaxy,Samsung A34 5G vs Samsung M14 5G,2,3,"Monday, December 18,",samsung a34 5g v samsung m14 5g,0.0,0.0,0.0
samsunggalaxy,Samsung physical keyboard,64,14,"Wednesday, February 1,",samsung physical keyboard,0.0,0.14285714285714285,0.0
samsunggalaxy,WTF Samsung,20,59,"Tuesday, June 6,",wtf samsung,-0.5,1.0,-0.5859
samsunggalaxy,"Do you use Samsung apps like notes, internet, reminders, etc. ?",29,59,"Saturday, May 25,",use samsung apps like note internet reminder etc,0.0,0.0,0.3612
samsunggalaxy,Samsung Animations,0,0,"Saturday, December 16,",samsung animation,0.0,0.0,0.0
samsunggalaxy,Which phone would you recommend for my mother?,3,11,"Wednesday, May 22,",phone would recommend mother,0.0,0.0,0.3612
samsunggalaxy,Samsung S9+,1,0,"Saturday, January 20,",samsung s9,0.0,0.0,0.0
samsunggalaxy,Galaxy S24 price/cost,7,25,"Friday, April 19,",galaxy s24 pricecost,0.0,0.0,0.0
samsunggalaxy,New Samsung has bloatware,0,13,"Monday, January 15,",new samsung bloatware,0.13636363636363635,0.45454545454545453,0.0
samsunggalaxy,Samsung is not trust worthy,0,19,"Monday, April 22,",samsung trust worthy,0.3333333333333333,1.0,0.7351
samsunggalaxy,[S24] How true is this claim by Samsung? Does anyone actually use scheduled restarts?,43,71,"Wednesday, November 16,",s24 true claim samsung anyone actually use scheduled restarts,0.175,0.375,0.4215
samsunggalaxy,Does anyone else NOT use Samsung default apps?,18,19,"Sunday, May 19,",anyone else use samsung default apps,0.0,0.0,0.0
samsunggalaxy,Samsung A23,1,0,"Sunday, May 21,",samsung a23,0.0,0.0,0.0
samsunggalaxy,Why do you use a Samsung Galaxy phone instead of Google Pixel?,9,66,"Friday, April 12,",use samsung galaxy phone instead google pixel,0.0,0.0,0.0
samsunggalaxy,New Samsung User,1,9,"Thursday, February 8,",new samsung user,0.13636363636363635,0.45454545454545453,0.0
samsunggalaxy,Just got a Samsung Galaxy S24 Ultra,8,4,"Saturday, May 18,",got samsung galaxy s24 ultra,0.0,0.0,0.0
samsunggalaxy,Samsung Music,0,0,"Friday, February 9,",samsung music,0.0,0.0,0.0
samsunggalaxy,"I'm new to Samsung phones, anybody can tell me what this icon means?",42,83,"Friday, March 29,",im new samsung phone anybody tell icon mean,-0.08806818181818182,0.5710227272727273,0.0
samsunggalaxy,Help with Samsung!!!,0,3,"Tuesday, December 19,",help samsung,0.0,0.0,0.4019
samsunggalaxy,So annoyed with my s23 ultra. Bye samsung.,0,57,"Thursday, November 23,",annoyed s23 ultra bye samsung,-0.4,0.8,-0.3818
samsunggalaxy,Things i miss after switching from Oppo to Samsung,3,20,"Monday, May 13,",thing miss switching oppo samsung,0.0,0.0,-0.1531
samsunggalaxy,Samsung Footage,3,0,"Tuesday, December 12,",samsung footage,0.0,0.0,0.0
samsunggalaxy,Why does Samsung have pages up for very old Galaxy devices?,110,39,"Friday, December 29,",samsung page old galaxy device,0.1,0.2,0.0
samsunggalaxy,I got my hands on a Samsung Galaxy Note 8 and 7 prototypes,204,57,,got hand samsung galaxy note 8 7 prototype,0.0,0.0,0.4939
samsunggalaxy,Why are Samsung's discounts so quirky?,8,7,"Wednesday, May 8,",samsungs discount quirky,0.0,1.0,0.0
samsunggalaxy,Samsung rejected trade-in,8,7,"Thursday, April 11,",samsung rejected tradein,0.0,0.0,-0.5106
samsunggalaxy,Samsung Mid Tier Phones,1,4,"Tuesday, May 21,",samsung mid tier phone,0.0,0.0,0.0
samsunggalaxy,Samsung Account Creation,1,2,"Tuesday, February 13,",samsung account creation,0.0,0.0,0.2732
samsunggalaxy,Samsung tea,3,2,"Thursday, December 28,",samsung tea,0.0,0.0,0.0
samsunggalaxy,Samsung absurd galaxy s23 FE prices.,40,33,"Friday, September 22,",samsung absurd galaxy s23 fe price,-0.5,1.0,0.0
samsunggalaxy,Samsung Galaxy A Series does not suck,18,23,"Thursday, May 9,",samsung galaxy series suck,0.0,0.0,-0.4404
samsunggalaxy,Samsung A23,0,0,"Wednesday, January 31,",samsung a23,0.0,0.0,0.0
samsunggalaxy,Do u guys use samsung message or G message?,0,16,"Wednesday, March 6,",u guy use samsung message g message,0.0,0.0,0.0
samsunggalaxy,"Is Samsung Travel Adapter 25W 2pin better than Samsung 25W Travel Adapter
3Pin?",1,4,"Monday, January 22,",samsung travel adapter 25w 2pin better samsung 25w travel adapter 3pin,0.5,0.5,0.4404
samsunggalaxy,All my Samsung orders keep being cancelled.,6,17,"Sunday, May 19,",samsung order keep cancelled,0.0,0.0,-0.25
samsunggalaxy,Samsung watch problems,3,2,"Tuesday, January 16,",samsung watch problem,0.0,0.0,-0.4019
samsunggalaxy,Samsung...,0,7,"Monday, May 13,",samsung,0.0,0.0,0.0
samsunggalaxy,Samsung Galaxy A14 5G slow,1,10,"Tuesday, October 24,",samsung galaxy a14 5g slow,-0.30000000000000004,0.39999999999999997,0.0
samsunggalaxy,Is this Samsung S23 Ultra Legitimate,11,43,"Sunday, January 28,",samsung s23 ultra legitimate,0.0,0.0,0.0
samsunggalaxy,Samsung Galaxy S24 Ultra cell signal,5,33,"Friday, February 23,",samsung galaxy s24 ultra cell signal,0.0,0.0,0.0
samsunggalaxy,Why Samsung Still Bother Making Exynos?,0,18,"Tuesday, December 26,",samsung still bother making exynos,0.0,0.0,-0.34
samsunggalaxy,Bloody Samsung camera....,0,22,"Saturday, March 2,",bloody samsung camera,-0.8,0.9,-0.4404
samsunggalaxy,Samsung galaxy s24 ultra or iPhone 15 pro Max the final decision,7,63,"Wednesday, May 22,",samsung galaxy s24 ultra iphone 15 pro max final decision,0.0,1.0,0.0
samsunggalaxy,Will samsung warranty dead pixels?,2,9,"Thursday, March 7,",samsung warranty dead pixel,-0.2,0.4,-0.6486
samsunggalaxy,"What does the ""Good""/ ""Great"" mean on the device care thingy in samsung phones?",1,2,"Thursday, December 21,",good great mean device care thingy samsung phone,0.3958333333333333,0.6791666666666667,0.8807
samsunggalaxy,On the Samsung s22 version of Samsung messages can you get RCS messages in Samsung messages?,1,1,"Saturday, February 10,",samsung s22 version samsung message get rcs message samsung message,0.0,0.0,0.0
samsunggalaxy,Why can't you downgrade binary in Samsung phones? This is as bad as Apple not signing old iOS versions.,0,14,"Monday, May 13,",cant downgrade binary samsung phone bad apple signing old io version,-0.29999999999999993,0.43333333333333335,-0.5423
samsunggalaxy,Getting the Samsung S22,0,6,"Saturday, January 27,",getting samsung s22,0.0,0.0,0.0
samsunggalaxy,Samsung has acknowledged the display issue and is working on it.,7,4,,samsung acknowledged display issue working,0.0,0.0,0.0
oneui,"Samsung, I'm disappointed",252,110,"Saturday, March 30,",samsung im disappointed,-0.75,0.75,-0.4767
oneui,I'm really miss Samsung Experience,131,79,"Sunday, January 7,",im really miss samsung experience,0.2,0.2,-0.2247
oneui,Why Samsung?,85,148,"Monday, November 13,",samsung,0.0,0.0,0.0
oneui,What if Samsung made it's own OS?,16,28,"Wednesday, March 27,",samsung made o,0.0,0.0,0.0
oneui,Team Gboard vs Team Samsung keyboard,154,143,"Friday, September 15,",team gboard v team samsung keyboard,0.0,0.0,0.0
oneui,New Samsung Health UI,138,39,"Thursday, April 18,",new samsung health ui,0.13636363636363635,0.45454545454545453,0.0
oneui,I finally switched to Samsung Keyboard,128,100,"Wednesday, November 29,",finally switched samsung keyboard,0.0,1.0,0.0
oneui,why does it feel like everyone here hates Samsung nowadays?,29,84,"Tuesday, October 31,",feel like everyone hate samsung nowadays,-0.8,0.9,-0.296
oneui,Official Samsung Statement,195,80,"Tuesday, November 28,",official samsung statement,0.0,0.0,0.0
oneui,2 years later and we finally got Samsung Internet on PC,330,128,"Wednesday, November 29,",2 year later finally got samsung internet pc,0.0,0.5,0.0
oneui,Samsung's One UI 6 global rollout ain't doing it this year,428,157,"Thursday, October 5,",samsungs one ui 6 global rollout aint year,0.0,0.0,0.0
oneui,Should Samsung extend their support to 7 years of OS and security updates after Google?,71,108,"Monday, April 15,",samsung extend support 7 year o security update google,0.0,0.0,0.7003
oneui,Samsung doesn't care about its budget series!,32,82,"Thursday, May 9,",samsung doesnt care budget series,0.0,0.0,-0.3875
oneui,OneUi 6.0 Final Build Port Samsung S10 devices (Apricity Rom),73,35,"Saturday, March 2,",oneui 60 final build port samsung s10 device apricity rom,0.0,1.0,0.0
oneui,Samsung released a new app named Samsung Highlights,52,15,"Friday, March 8,",samsung released new app named samsung highlight,0.13636363636363635,0.45454545454545453,0.34
oneui,Samsung Galaxy S25 and S25 Ultra concept,8,3,"Tuesday, March 19,",samsung galaxy s25 s25 ultra concept,0.0,0.0,0.0
oneui,I may left Samsung Company....,39,62,"Friday, September 1,",may left samsung company,0.0,0.0,0.0
oneui,Samsung designed this like we could choose between Google Discover or Samsung Free but we can't,55,76,"Sunday, March 10,",samsung designed like could choose google discover samsung free cant,0.4,0.8,0.7003
oneui,When is this coming to samsung?,308,27,"Friday, December 29,",coming samsung,0.0,0.0,0.0
oneui,"What the ""samsung cloud"" doin?",12,17,"Saturday, February 17,",samsung cloud doin,0.0,0.0,0.0
oneui,Something I never knew existed in Samsung,138,63,"Saturday, January 13,",something never knew existed samsung,0.0,0.0,0.0
oneui,Sharing methods to check battery health of Samsung phones without third-party apps.,104,81,"Saturday, March 30,",sharing method check battery health samsung phone without thirdparty apps,0.0,0.0,0.4215
oneui,This is the best thing Samsung has added to their updates,187,79,"Thursday, March 7,",best thing samsung added update,1.0,0.3,0.6369
oneui,Samsung Maps - DalgleishGX Concept,130,46,"Saturday, March 30,",samsung map dalgleishgx concept,0.0,0.0,0.0
oneui,"Hey samsung,wTF is this?",90,26,"Monday, December 25,",hey samsungwtf,0.0,0.0,0.0
oneui,Gotta appreciate Samsung Software Support.,85,62,"Sunday, December 3,",gotta appreciate samsung software support,0.0,0.0,0.6597
oneui,"According to a „Samsung Support Team“ representative, A32 will get „One UI 6“ in early 2024.",4,12,"Thursday, November 30,",according samsung support team representative a32 get one ui 6 early 2024,0.1,0.3,0.4019
oneui,Samsung's One UI rollout is getting worse and worse every year,191,125,"Tuesday, March 19,",samsungs one ui rollout getting worse worse every year,-0.4,0.6,-0.7351
oneui,Is it the end of the road for Samsung Messages?,32,40,"Monday, April 22,",end road samsung message,0.0,0.0,0.0
oneui,Samsung fonts,5,24,"Wednesday, October 18,",samsung font,0.0,0.0,0.0
oneui,Just Why samsung?,0,43,"Monday, January 15,",samsung,0.0,0.0,0.0
oneui,New Samsung Galaxy bootscreen (will be updated later),186,58,"Wednesday, November 29,",new samsung galaxy bootscreen updated later,0.06818181818181818,0.22727272727272727,0.0
oneui,"""Namedrop"" for samsung",5,6,"Saturday, May 25,",namedrop samsung,0.0,0.0,0.0
oneui,Samsung keyboard,16,14,"Tuesday, March 5,",samsung keyboard,0.0,0.0,0.0
oneui,Samsung got F15 with One UI 6.1 while other devices are still waiting for the update,74,41,"Tuesday, April 9,",samsung got f15 one ui 61 device still waiting update,0.0,0.0,0.0
oneui,Why doesn't my Samsung health update my badge?,35,66,"Saturday, February 17,",doesnt samsung health update badge,0.0,0.0,0.0
oneui,Using Google Wallet instead of Samsung Pay,16,32,"Wednesday, January 24,",using google wallet instead samsung pay,0.0,0.0,-0.1027
oneui,Unable to install apks in the Samsung S24.,6,87,"Sunday, September 3,",unable install apks samsung s24,-0.5,0.5,0.0
oneui,'Lift to wake' feature on Samsung phone sucks,1,21,"Monday, September 5,",lift wake feature samsung phone suck,0.0,0.0,-0.4404
oneui,"Do you guys prefer samsung apps (ex Samsung browser, Samsung messages, Samsung email and more...) or Google apps? (ex Google messages, Chrome...)",23,56,"Sunday, March 24,",guy prefer samsung apps ex samsung browser samsung message samsung email google apps ex google message chrome,0.0,0.0,0.0
oneui,What are your thoughts about Samsung Weather?,34,35,"Friday, March 22,",thought samsung weather,0.0,0.0,0.0
oneui,Samsung baited again,33,22,"Thursday, April 13,",samsung baited,0.0,0.0,0.0
oneui,Samsung Galaxy: All about switching; a new & quite fun ad,80,12,"Saturday, July 29,",samsung galaxy switching new quite fun ad,0.21818181818181817,0.32727272727272727,0.5563
oneui,Samsung S3 days..,120,42,"Saturday, January 27,",samsung s3 day,0.0,0.0,0.0
oneui,Cannot change the font on my phone. (Samsung Galaxy A32),9,5,"Monday, April 29,",cannot change font phone samsung galaxy a32,0.0,0.0,0.0
oneui,Samsung notes,3,11,"Tuesday, December 5,",samsung note,0.0,0.0,0.0
oneui,Samsung Calendar Vs Google Calendar,2,4,"Saturday, February 24,",samsung calendar v google calendar,0.0,0.0,0.0
oneui,Roman numeral 4 is incorrect in this Samsung clock face,159,45,"Monday, April 22,",roman numeral 4 incorrect samsung clock face,0.0,0.0,0.0
oneui,"Why Samsung, just why???",0,17,,samsung,0.0,0.0,0.0
oneui,Is Grammarly removed from Samsung Keyboard?,26,22,"Friday, December 1,",grammarly removed samsung keyboard,0.0,0.0,0.0
oneui,RCS in Samsung Messages (2023),8,15,"Sunday, May 5,",rcs samsung message 2023,0.0,0.0,0.0
oneui,Samsung Control Center,0,11,"Wednesday, February 14,",samsung control center,-0.1,0.1,0.0
oneui,Alternatives to Samsung Free/Google Discover?,24,21,"Saturday, May 18,",alternative samsung freegoogle discover,0.0,0.0,0.0
oneui,Samsung a54,3,4,"Monday, January 15,",samsung a54,0.0,0.0,0.0
oneui,Samsung South Africa's negligence regarding software updates.,30,27,"Thursday, May 16,",samsung south africa negligence regarding software update,0.0,0.0,0.0
oneui,Poll: Gboard or Samsung Keyboard,7,16,"Friday, October 13,",poll gboard samsung keyboard,0.0,0.0,0.0
oneui,"Are there any major or annoying differences between OneUI and standard Android? I've only ever used pixel phones recently, but I prefer the hardware of the samsung phone this year.",20,34,"Thursday, August 24,",major annoying difference oneui standard android ive ever used pixel phone recently prefer hardware samsung phone year,-0.184375,0.4125,-0.4576
oneui,When will Samsung change it's awful charging animation?,57,83,"Wednesday, March 13,",samsung change awful charging animation,-1.0,1.0,-0.4588
oneui,Chrome or Samsung Internet,1,20,"Saturday, May 18,",chrome samsung internet,0.0,0.0,0.0
oneui,Why can’t Samsung just update all phones at once?,33,37,"Wednesday, November 15,",cant samsung update phone,0.0,0.0,0.0
oneui,I hope Samsung will never do such a thing,62,23,"Saturday, May 18,",hope samsung never thing,0.0,0.0,0.4404
oneui,Samsung Music,4,1,"Sunday, August 20,",samsung music,0.0,0.0,0.0
oneui,Why does Samsung choose to go with the cartoonish style for OneUI?,0,14,"Wednesday, May 15,",samsung choose go cartoonish style oneui,0.0,0.0,0.0
oneui,Samsung RCS,2,1,"Monday, December 25,",samsung rcs,0.0,0.0,0.0
oneui,Couldn't wait for Samsung.. so i used odin,15,33,"Tuesday, May 7,",couldnt wait samsung used odin,0.0,0.0,0.0
oneui,Samsung internet app slowness,4,10,"Tuesday, March 5,",samsung internet app slowness,0.0,0.0,0.0
oneui,Galaxy A55 and A35 should not have new Samsung software policy,24,9,"Wednesday, May 22,",galaxy a55 a35 new samsung software policy,0.13636363636363635,0.45454545454545453,0.0
oneui,Any FaceTime equivalent for Samsung?,0,16,"Monday, September 11,",facetime equivalent samsung,0.0,0.0,0.0
oneui,New Samsung Music concept :) How can I send my work to them?,283,42,"Friday, May 10,",new samsung music concept send work,0.13636363636363635,0.45454545454545453,0.0
oneui,Samsung internet got much faster with the latest update!,27,30,"Monday, April 10,",samsung internet got much faster latest update,0.35,0.55,0.0
oneui,I wasn't a big fan of Samsung free but.... I see how it is,43,26,"Thursday, November 30,",wasnt big fan samsung free see,0.2,0.45,0.3265
oneui,Samsung has a terrible rollout schedule,32,41,"Wednesday, October 18,",samsung terrible rollout schedule,-1.0,1.0,-0.4767
oneui,Do you think Samsung should improve the unlock animation?,55,33,"Monday, May 6,",think samsung improve unlock animation,0.0,0.0,0.4404
oneui,Samsung shop,2,1,,samsung shop,0.0,0.0,0.0
oneui,"finally one ui 6 on my samsung note 9, I am very happy",161,51,"Friday, November 10,",finally one ui 6 samsung note 9 happy,0.4,1.0,0.5719
oneui,Seriously Samsung? The dots are different sizes even though they're all normal stack widgets.,247,71,"Thursday, March 7,",seriously samsung dot different size even though theyre normal stack widget,-0.06111111111111111,0.6388888888888888,-0.1779
oneui,Samsung internet browser scrolling problem,29,6,"Tuesday, August 15,",samsung internet browser scrolling problem,0.0,0.0,-0.4019
oneui,"Samsung seriously, really needs to add more fonts.",83,65,"Saturday, March 9,",samsung seriously really need add font,0.2,0.2,-0.1779
oneui,"Any reason why samsung made these controls smaller, compared to one ui 4, where they looked ok?",21,32,"Monday, December 18,",reason samsung made control smaller compared one ui 4 looked ok,0.25,0.5,0.296
oneui,Samsung Messages add RCS icon and wallpaper,78,35,"Thursday, February 29,",samsung message add rcs icon wallpaper,0.0,0.0,0.0
oneui,Samsung Health not working,5,2,"Friday, May 24,",samsung health working,0.0,0.0,0.0
oneui,Samsung internet crashing,5,0,"Thursday, February 9,",samsung internet crashing,0.0,0.0,0.0
oneui,"Samsung Internet v20+ uses ""Material You"" 😍",65,30,"Saturday, May 25,",samsung internet v20 us material,0.0,0.0,0.0
oneui,Samsung AQI scale,0,0,"Wednesday, April 17,",samsung aqi scale,0.0,0.0,0.0
oneui,I got completely cooked by samsung region lock (long story),0,38,"Saturday, March 9,",got completely cooked samsung region lock long story,0.025,0.4,0.0
oneui,Samsung Music,13,5,"Tuesday, May 7,",samsung music,0.0,0.0,0.0
oneui,How to test all Samsung devices to see the experience directly from your home.,22,5,"Tuesday, March 12,",test samsung device see experience directly home,0.1,0.4,0.0
oneui,Samsung scammed me 😃💖,19,10,"Sunday, December 3,",samsung scammed,0.0,0.0,0.0
oneui,Samsung first to introduce the new emojis from Version 15.1 ('23-'24),127,63,"Thursday, May 16,",samsung first introduce new emojis version 151 2324,0.19318181818181818,0.3939393939393939,0.0
oneui,Average samsung health experience,21,2,"Thursday, October 26,",average samsung health experience,-0.15,0.39999999999999997,0.0
oneui,Is samsung weather ur favorite?,31,31,"Sunday, July 3,",samsung weather ur favorite,0.5,1.0,0.4588
oneui,Which font do you use on your Samsung phone?,13,37,"Thursday, February 15,",font use samsung phone,0.0,0.0,0.0
oneui,Did Samsung Health remove sleep score?,12,21,"Wednesday, December 20,",samsung health remove sleep score,0.0,0.0,0.0
oneui,One UI 6.0 and Samsung Messages Preview,6,26,"Wednesday, May 8,",one ui 60 samsung message preview,0.0,0.0,0.0
oneui,Samsung Messages RCS issue,1,2,"Monday, January 8,",samsung message rcs issue,0.0,0.0,0.0
oneui,"Samsung highlights, what are your thoughts?",4,6,"Saturday, May 18,",samsung highlight thought,0.0,0.0,0.34
oneui,Question about samsung clipboard?,3,1,"Saturday, January 20,",question samsung clipboard,0.0,0.0,0.0
oneui,Samsung Find - the newest app to find lost devices and share your location,102,35,,samsung find newest app find lost device share location,0.0,0.0,-0.0258
oneui,Why doesnt samsung keyboard autocorrect?,9,11,"Friday, April 7,",doesnt samsung keyboard autocorrect,0.0,0.0,0.0
oneui,Samsung Members region,3,11,"Saturday, March 16,",samsung member region,0.0,0.0,0.0
oneui,Samsung Setting Icon Shape,11,8,"Monday, July 10,",samsung setting icon shape,0.0,0.0,0.0
oneui,Google calendar vs Samsung calendar,8,17,"Sunday, December 3,",google calendar v samsung calendar,0.0,0.0,0.0
oneui,I have one ui 6 in my a24 😁😁😁 thanks samsung,36,64,"Saturday, March 2,",one ui 6 a24 thanks samsung,0.2,0.2,0.4404
oneui,Samsung's unfair practise,0,7,"Sunday, February 18,",samsungs unfair practise,-0.5,1.0,-0.4767
oneui,Samsung Find glitch?,12,7,"Wednesday, April 10,",samsung find glitch,0.0,0.0,0.0
oneui,Samsung One UI 6: A Frustrating User Experience,0,7,"Thursday, April 4,",samsung one ui 6 frustrating user experience,-0.4,0.9,-0.4404
oneui,How to add monochromatic theme to all apps. #samsung,22,26,"Monday, March 25,",add monochromatic theme apps samsung,0.0,0.0,0.0
oneui,Is this possible on Samsung?,3,9,"Wednesday, January 3,",possible samsung,0.0,1.0,0.0
oneui,When will samsung ace get one ui 6?,72,29,"Wednesday, July 20,",samsung ace get one ui 6,0.0,0.0,0.0
oneui,I uninstalled Samsung Free and this happened. Any idea how to fix this? and can you suggest some more apps which could be uninstalled,23,44,"Monday, March 20,",uninstalled samsung free happened idea fix suggest apps could uninstalled,0.4,0.8,0.5106
oneui,Samsung One UI6.0,4,54,"Tuesday, August 15,",samsung one ui60,0.0,0.0,0.0
oneui,"do you like the Samsung Weather Widget? Personally, I think it's cleaner than Google's weather app",61,28,"Saturday, February 24,",like samsung weather widget personally think cleaner google weather app,0.0,0.3,0.4939
oneui,Help with Samsung Calendar,3,10,"Wednesday, January 10,",help samsung calendar,0.0,0.0,0.4019
oneui,Demo of the new unified Quick Share by Samsung & Google at CES 2024,260,32,"Friday, November 17,",demo new unified quick share samsung google ce 2024,0.23484848484848483,0.4772727272727273,0.5859
oneui,Samsung Siked Me Out,41,17,"Monday, June 26,",samsung siked,0.0,0.0,0.0
oneui,Simple & Easy Homescreen Ideas - Samsung (9 Setups),13,42,"Friday, April 5,",simple easy homescreen idea samsung 9 setup,0.21666666666666667,0.5952380952380952,0.4404
oneui,Why does samsung release unfinished software?,0,12,"Thursday, February 8,",samsung release unfinished software,0.0,0.0,0.0
oneui,Here's when you'll be able to use your Samsung Galaxy phone as your PC's webcam.,26,12,"Monday, October 23,",here youll able use samsung galaxy phone pc webcam,0.5,0.625,0.0
oneui,Samsung Widgets (unofficial) | Windows,78,20,"Sunday, May 28,",samsung widget unofficial window,0.0,0.0,0.0
oneui,'Samsung Flow' not available on galaxy app store or play store. why? anyone know anything?,2,12,"Sunday, February 11,",samsung flow available galaxy app store play store anyone know anything,0.4,0.4,0.34
oneui,Samsung Please Fix This,4,11,"Wednesday, December 6,",samsung please fix,0.0,0.0,0.3182
oneui,Did samsung make the icon size small again?,4,2,"Tuesday, August 8,",samsung make icon size small,-0.25,0.4,0.0
oneui,Let's Rewind: Samsung introducing the first One UI,174,33,,let rewind samsung introducing first one ui,0.25,0.3333333333333333,0.0
oneui,"Does anyone use Samsung Internet as their primary browser ? If yes, what are the reasons and what browser do you use in your PC ?",22,21,"Sunday, December 31,",anyone use samsung internet primary browser yes reason browser use pc,0.4,0.5,0.4019
oneui,Is there a samsung launcher similar to samsung experience or touchwiz?,0,1,"Wednesday, February 16,",samsung launcher similar samsung experience touchwiz,0.0,0.4,0.0
oneui,Isn't it just the right time for Samsung Internet on desktop?,59,31,"Monday, May 20,",isnt right time samsung internet desktop,0.2857142857142857,0.5357142857142857,0.0
oneui,The camera cutout on samsung devices is kinda bad.,0,17,"Tuesday, February 20,",camera cutout samsung device kinda bad,-0.6999999999999998,0.6666666666666666,-0.4951
oneui,My Samsung S22 Ultra is experiencing mobile data issues,33,16,"Sunday, February 4,",samsung s22 ultra experiencing mobile data issue,0.0,0.0,0.0
oneui,What's best password manager to use?? With samsung+windows,15,34,"Friday, March 15,",whats best password manager use samsungwindows,1.0,0.3,0.6369
oneui,Which one is better between Samsung s24u and iPhone 15 Promax if we're talking about the camera?,1,12,"Wednesday, April 3,",one better samsung s24u iphone 15 promax talking camera,0.5,0.5,0.4404
oneui,Urgent Help Needed: Samsung S23 Ultra Video Issue!!!!!!!,0,21,"Tuesday, January 30,",urgent help needed samsung s23 ultra video issue,0.0,0.0,0.5423
oneui,Samsung Find,4,0,"Friday, March 1,",samsung find,0.0,0.0,0.0
oneui,Samsung Health,2,1,"Wednesday, March 6,",samsung health,0.0,0.0,0.0
oneui,Samsung notes,4,0,"Thursday, November 23,",samsung note,0.0,0.0,0.0
oneui,How Samsung expect its users to write?,2,4,"Sunday, March 3,",samsung expect user write,0.0,0.0,0.0
oneui,You can now uninstall Samsung calendar!,2,13,"Saturday, September 10,",uninstall samsung calendar,0.0,0.0,0.0
oneui,Problems with OneUI (where Samsung Fails) [Personal Opinion],40,33,"Saturday, December 23,",problem oneui samsung fails personal opinion,-0.25,0.3,-0.6705
oneui,Samsung and their OneUI contact apps,71,21,"Wednesday, March 6,",samsung oneui contact apps,0.0,0.0,0.0
oneui,What if Samsung and Nothing had a baby? (Concept),32,12,"Tuesday, October 26,",samsung nothing baby concept,0.0,0.0,0.0
oneui,Turned my Samsung Phone into a Pixel 🙂,239,87,"Wednesday, April 13,",turned samsung phone pixel,0.0,0.0,0.0
oneui,What are your opinions on Samsung's search finder and what things would you change\ add in it,9,6,"Tuesday, December 5,",opinion samsungs search finder thing would change add,0.0,0.0,0.0
oneui,Is Samsung messages really going away?,3,28,"Tuesday, November 28,",samsung message really going away,0.2,0.2,0.0
oneui,"One Ui 6, Samsung finder app is gone",12,34,"Monday, April 29,",one ui 6 samsung finder app gone,0.0,0.0,0.0
oneui,Cache management sucks on Samsung.,6,3,"Friday, December 8,",cache management suck samsung,0.0,0.0,-0.4404
oneui,Please can someone give me the Samsung internet browser for windows download link it's not available in my Microsoft store,1,2,"Thursday, September 8,",please someone give samsung internet browser window download link available microsoft store,0.4,0.4,0.3182
oneui,[Concept] Dynamic Island...but make it Samsung,158,62,"Thursday, November 2,",concept dynamic islandbut make samsung,0.0,0.16666666666666666,0.3818
oneui,"Is Samsung willing to fix this tumorous icon size issue on OneUI 6? This happened today when ""Home Up"" got available for OneUI 6 on 5x7 layout. 5x6 works fine on S23U.",84,217,,samsung willing fix tumorous icon size issue oneui 6 happened today home got available oneui 6 5x7 layout 5x6 work fine s23u,0.35555555555555557,0.5499999999999999,0.2023
smartphones,Samsung fold 4 vs Samsung s24,1,0,"Sunday, May 5,",samsung fold 4 v samsung s24,0.0,0.0,0.0
smartphones,Iphone to Samsung,4,18,"Monday, March 25,",iphone samsung,0.0,0.0,0.0
smartphones,Samsung A54 VS Nothing Phone 2a VS Samsung Galaxy S23 FE,2,2,"Tuesday, February 20,",samsung a54 v nothing phone 2a v samsung galaxy s23 fe,0.0,0.0,0.0
smartphones,which Samsung phone should I buy Samsung galaxy f14 or f34.,4,5,"Thursday, February 29,",samsung phone buy samsung galaxy f14 f34,0.0,0.0,0.0
smartphones,Bixby and Samsung proprietary stuff. Also newer regenerative AI. Samsung s24 ultra,1,5,"Saturday, May 25,",bixby samsung proprietary stuff also newer regenerative ai samsung s24 ultra,0.0,0.0,0.0
smartphones,Iphone or Samsung,1,4,"Saturday, January 20,",iphone samsung,0.0,0.0,0.0
smartphones,Samsung vs Apple,6,21,"Monday, May 20,",samsung v apple,0.0,0.0,0.0
smartphones,Samsung Galaxy S24+ or iPhone 15?,3,20,"Saturday, May 11,",samsung galaxy s24 iphone 15,0.0,0.0,0.0
smartphones,Samsung Wirrwarr,1,0,"Wednesday, May 22,",samsung wirrwarr,0.0,0.0,0.0
smartphones,Is there any way possible to auto switch galaxy buds between Samsung and non Samsung device?,2,0,"Sunday, April 7,",way possible auto switch galaxy bud samsung non samsung device,0.0,1.0,0.0
smartphones,Are samsung phones good nowadays?,10,16,"Saturday, March 23,",samsung phone good nowadays,0.7,0.6000000000000001,0.4404
smartphones,Samsung Galaxy A05?,2,10,"Friday, April 5,",samsung galaxy a05,0.0,0.0,0.0
smartphones,Samsung Galaxy A34 or Moto g stylus 5g 2023 or Samsung Galaxy A25?,1,0,"Saturday, March 9,",samsung galaxy a34 moto g stylus 5g 2023 samsung galaxy a25,0.0,0.0,0.0
smartphones,Is it a downgrade to go from a Samsung A22 to Samsung S20 Plus?,1,5,"Sunday, April 28,",downgrade go samsung a22 samsung s20 plus,0.0,0.0,0.0
smartphones,Samsung 23/24 or Pixel 8,2,14,"Sunday, February 18,",samsung 2324 pixel 8,0.0,0.0,0.0
smartphones,Samsung S24 camera,0,11,"Saturday, May 11,",samsung s24 camera,0.0,0.0,0.0
smartphones,Samsung Smartphone Unterschiede,3,0,"Sunday, May 12,",samsung smartphone unterschiede,0.0,0.0,0.0
smartphones,Samsung Protective Membrane,1,0,"Monday, May 20,",samsung protective membrane,0.0,0.0,0.0
smartphones,Samsung Galaxy A55 inquiry,1,2,"Saturday, May 25,",samsung galaxy a55 inquiry,0.0,0.0,0.0
smartphones,Samsung M31s mother board,1,1,"Friday, May 17,",samsung m31s mother board,0.0,0.0,0.0
smartphones,What phone should I get? No Samsung or Iphone.,0,23,"Thursday, November 23,",phone get samsung iphone,0.0,0.0,0.0
smartphones,Samsung M53 5g vs Samsung A34 5g,1,0,"Sunday, May 19,",samsung m53 5g v samsung a34 5g,0.0,0.0,0.0
smartphones,OP12 or Samsung S24 Ultra,3,5,"Saturday, March 9,",op12 samsung s24 ultra,0.0,0.0,0.0
smartphones,Is the charger from the Samsung Galaxy A02s compatible with the Samsung Galaxy A54?,2,1,"Tuesday, January 23,",charger samsung galaxy a02s compatible samsung galaxy a54,0.0,0.0,0.0
smartphones,Samsung S24 or Iphone 14?,9,20,"Friday, January 19,",samsung s24 iphone 14,0.0,0.0,0.0
smartphones,Samsung or xiaomi!?!?,3,12,"Saturday, May 4,",samsung xiaomi,0.0,0.0,0.0
smartphones,Upgrade from Samsung S21 FE,1,6,"Friday, April 12,",upgrade samsung s21 fe,0.0,0.0,0.0
smartphones,Samsung or Iphone,2,1,"Wednesday, May 22,",samsung iphone,0.0,0.0,0.0
smartphones,Samsung s23 vs Iphone 13 (Longevity?),4,6,"Thursday, April 25,",samsung s23 v iphone 13 longevity,0.0,0.0,0.0
smartphones,Which Samsung phone for my mom?,4,9,"Monday, April 29,",samsung phone mom,0.0,0.0,0.0
smartphones,Time to upgrade from Samsung Galaxy S9... but to what? 🤔,8,31,"Wednesday, May 1,",time upgrade samsung galaxy s9,0.0,0.0,0.0
smartphones,Frustrated with Samsung's slow charging,4,5,"Friday, November 3,",frustrated samsungs slow charging,-0.5,0.3,-0.5267
smartphones,Samsung Galaxy S23 FE vs Samsung Galaxy A54?,1,1,"Sunday, April 21,",samsung galaxy s23 fe v samsung galaxy a54,0.0,0.0,0.0
smartphones,Is samsung actually better than apple ?,0,14,"Sunday, February 18,",samsung actually better apple,0.5,0.5,0.4404
smartphones,Samsung vs Iphone advice,8,9,"Saturday, May 25,",samsung v iphone advice,0.0,0.0,0.0
smartphones,Samsung A35 Or Oneplus Nord CE4,2,4,"Tuesday, April 9,",samsung a35 oneplus nord ce4,0.0,0.0,0.0
smartphones,Samsung S24 Overheating ?,1,3,"Saturday, May 25,",samsung s24 overheating,0.0,0.0,0.0
smartphones,iPhone 13 or Samsung a55,1,3,"Sunday, March 17,",iphone 13 samsung a55,0.0,0.0,0.0
smartphones,Upgraded from Samsung S20 FE to Samsung S24 and I feel the camera is not as good?,1,1,"Sunday, April 28,",upgraded samsung s20 fe samsung s24 feel camera good,0.7,0.6000000000000001,0.4404
smartphones,Samsung mobile under 20k INR,4,2,"Tuesday, March 5,",samsung mobile 20k inr,0.0,0.0,0.0
smartphones,Samsung Galaxy S24,2,2,"Wednesday, May 22,",samsung galaxy s24,0.0,0.0,0.0
smartphones,Samsung S23 Ultra or Oneplus 12,1,2,"Wednesday, January 31,",samsung s23 ultra oneplus 12,0.0,0.0,0.0
smartphones,iPhone 15 or Samsung 24?,5,17,"Sunday, March 10,",iphone 15 samsung 24,0.0,0.0,0.0
smartphones,Samsung galaxy F34,1,1,"Monday, February 19,",samsung galaxy f34,0.0,0.0,0.0
smartphones,Samsung s24 base,2,3,"Wednesday, March 6,",samsung s24 base,-0.8,1.0,0.0
smartphones,Nothing Phone 2a vs Samsung A54,7,11,"Sunday, May 5,",nothing phone 2a v samsung a54,0.0,0.0,0.0
smartphones,Can't choose between iphone 15 and samsung s23+,1,11,"Tuesday, April 9,",cant choose iphone 15 samsung s23,0.0,0.0,0.0
smartphones,Upgrading Samsung to Google Pixel?,1,3,"Saturday, May 25,",upgrading samsung google pixel,0.0,0.0,0.0
smartphones,Help me buy Samsung phone(India),1,0,"Saturday, April 27,",help buy samsung phoneindia,0.0,0.0,0.4019
smartphones,Samsung S series battery health,2,0,,samsung series battery health,0.0,0.0,0.0
smartphones,Samsung Galaxy A55 or Iphone 12？,4,6,"Thursday, April 4,",samsung galaxy a55 iphone 12,0.0,0.0,0.0
smartphones,Xiaomi 14 or Samsung s24+??,3,2,"Friday, January 26,",xiaomi 14 samsung s24,0.0,0.0,0.0
smartphones,Samsung Encrypted,2,0,"Saturday, April 27,",samsung encrypted,0.0,0.0,0.0
smartphones,Samsung Galaxy A55 vs Iphone 11.,1,2,"Sunday, March 31,",samsung galaxy a55 v iphone 11,0.0,0.0,0.0
smartphones,Samsung S23 Ultra or iPhone 14 plus,1,13,"Sunday, January 7,",samsung s23 ultra iphone 14 plus,0.0,0.0,0.0
smartphones,Samsung A54 or S3?,2,8,"Saturday, February 10,",samsung a54 s3,0.0,0.0,0.0
smartphones,Should I buy Samsung S24 Ultra?,4,11,"Thursday, May 23,",buy samsung s24 ultra,0.0,0.0,0.0
smartphones,edge 40 neo vs Samsung Galaxy S24?,1,1,"Sunday, April 14,",edge 40 neo v samsung galaxy s24,0.0,0.0,0.0
smartphones,Samsung galaxy S24 or Phone 15 pro max,1,10,"Tuesday, April 2,",samsung galaxy s24 phone 15 pro max,0.0,0.0,0.0
smartphones,Looking for Android recommendations after a decade with Samsung phones,6,19,"Thursday, April 11,",looking android recommendation decade samsung phone,0.0,0.0,0.0
smartphones,iphone 12 pro or samsung galaxy s23,0,6,"Monday, April 15,",iphone 12 pro samsung galaxy s23,0.0,0.0,0.0
smartphones,Should i buy Samsung S24 or S24 + ?,2,13,"Tuesday, March 19,",buy samsung s24 s24,0.0,0.0,0.0
smartphones,Oneplus vs Samsung vs Poco,3,2,"Monday, April 8,",oneplus v samsung v poco,0.0,0.0,0.0
smartphones,Oneplus 12 or Samsung S24 Ultra,1,3,"Tuesday, February 13,",oneplus 12 samsung s24 ultra,0.0,0.0,0.0
smartphones,"Samsung F54, is still good buy?",5,9,"Friday, February 16,",samsung f54 still good buy,0.7,0.6000000000000001,0.4404
smartphones,Samsung battery problems still a thing?,4,9,"Monday, May 6,",samsung battery problem still thing,0.0,0.0,-0.4019
smartphones,Are any of these phones better than the Samsung A54?,2,13,"Wednesday, March 6,",phone better samsung a54,0.5,0.5,0.4404
smartphones,Samsung Camera vs. IPhone Camera,2,3,"Thursday, May 23,",samsung camera v iphone camera,0.0,0.0,0.0
smartphones,Samsung note 20 still worth in 2024 onwards?,2,3,"Monday, April 1,",samsung note 20 still worth 2024 onwards,0.3,0.1,0.2263
smartphones,upgrade from a Samsung Galaxy A50,2,3,"Friday, January 19,",upgrade samsung galaxy a50,0.0,0.0,0.0
smartphones,Samsung s24 or iphone 15 pro,4,12,"Tuesday, May 21,",samsung s24 iphone 15 pro,0.0,0.0,0.0
smartphones,"Pixel or samsung S24 Ultra, or nothing ?",1,3,"Tuesday, March 12,",pixel samsung s24 ultra nothing,0.0,0.0,0.0
smartphones,Samsung S23 or S24 ?,2,2,"Thursday, March 28,",samsung s23 s24,0.0,0.0,0.0
smartphones,Samsung Galaxy F22 sudden issues.,1,0,"Thursday, May 16,",samsung galaxy f22 sudden issue,0.0,0.5,0.0
smartphones,Xperia 1 VI or Samsung S24 ultra,1,0,,xperia 1 vi samsung s24 ultra,0.0,0.0,0.0
smartphones,New Samsung S23,1,3,"Thursday, January 18,",new samsung s23,0.13636363636363635,0.45454545454545453,0.0
smartphones,Replacing my 7 year old phone. Stick with Samsung?,10,22,"Wednesday, February 8,",replacing 7 year old phone stick samsung,0.1,0.2,0.0
smartphones,Samsung S23 Plus VS Samsung S23 Ultra,4,10,"Wednesday, February 14,",samsung s23 plus v samsung s23 ultra,0.0,0.0,0.0
smartphones,iPhone 15 pro vs Samsung Galaxy S24 Ultra,6,19,"Friday, March 29,",iphone 15 pro v samsung galaxy s24 ultra,0.0,0.0,0.0
smartphones,samsung S24 Ultra vs iphone 15 pro,3,5,"Saturday, May 4,",samsung s24 ultra v iphone 15 pro,0.0,0.0,0.0
smartphones,Need a new phone coming from Samsung A13,2,4,"Thursday, February 8,",need new phone coming samsung a13,0.13636363636363635,0.45454545454545453,0.0
smartphones,need help samsung pixel iphone,2,4,"Wednesday, March 13,",need help samsung pixel iphone,0.0,0.0,0.4019
smartphones,Thoughts about Samsung A54 5G?,2,0,"Wednesday, May 8,",thought samsung a54 5g,0.0,0.0,0.0
smartphones,Honor Magic 6 Pro or Samsung galaxy 24+,2,3,"Thursday, April 18,",honor magic 6 pro samsung galaxy 24,0.5,1.0,0.4939
smartphones,OnePlus 12 or Samsung S24 plus,1,2,"Friday, March 15,",oneplus 12 samsung s24 plus,0.0,0.0,0.0
smartphones,A good used smaller samsung phone?,1,3,"Thursday, May 2,",good used smaller samsung phone,0.35,0.55,0.4404
smartphones,Should go for Samsung S23U or not,1,0,"Tuesday, May 21,",go samsung s23u,0.0,0.0,0.0
smartphones,Samsung S24 or Iphone 14 / Iphone 13,2,0,"Saturday, March 16,",samsung s24 iphone 14 iphone 13,0.0,0.0,0.0
smartphones,2024 equivalent to Samsung A7 (2018),1,2,"Sunday, April 21,",2024 equivalent samsung a7 2018,0.0,0.0,0.0
smartphones,Google Pixel 6 or Samsung S21 fe,1,2,"Wednesday, March 13,",google pixel 6 samsung s21 fe,0.0,0.0,0.0
smartphones,Can't get used to my samsung,3,2,"Tuesday, February 20,",cant get used samsung,0.0,0.0,0.0
smartphones,Samsung Galaxy A15 5G or OnePlus Nord N30 5G?,1,20,"Friday, April 26,",samsung galaxy a15 5g oneplus nord n30 5g,0.0,0.0,0.0
smartphones,Is the Samsung F14 a good pick?,1,0,"Thursday, November 30,",samsung f14 good pick,0.7,0.6000000000000001,0.4404
smartphones,IPhone vs Samsung,2,3,"Saturday, February 3,",iphone v samsung,0.0,0.0,0.0
smartphones,Iphone 15 pro max or samsung 24 ultra?,5,13,"Monday, January 15,",iphone 15 pro max samsung 24 ultra,0.0,0.0,0.0
smartphones,Thinking about a new phone (iPhone vs. Samsung),4,19,"Tuesday, January 23,",thinking new phone iphone v samsung,0.13636363636363635,0.45454545454545453,0.0
smartphones,OnePlus 12 or Samsung s23 regular,7,10,"Sunday, April 21,",oneplus 12 samsung s23 regular,0.0,0.07692307692307693,0.0
smartphones,One UI for Samsung A34 - problems?,1,0,"Thursday, April 4,",one ui samsung a34 problem,0.0,0.0,-0.4019
smartphones,iPhone 15 pro or Samsung s24 Ultra,1,5,"Friday, April 26,",iphone 15 pro samsung s24 ultra,0.0,0.0,0.0
smartphones,Share your knowledge and perception about Samsung & android,2,5,,share knowledge perception samsung android,0.0,0.0,0.296
smartphones,Iphone 15 pro vs samsung S24 ultra,3,6,"Wednesday, March 20,",iphone 15 pro v samsung s24 ultra,0.0,0.0,0.0
smartphones,"help, oneplus, samsung or xiaomi? mid range",1,3,"Wednesday, January 10,",help oneplus samsung xiaomi mid range,0.0,0.0,0.4019
smartphones,Should I buy samsung,0,1,"Sunday, February 25,",buy samsung,0.0,0.0,0.0
smartphones,Google Pixel 8 vs Samsung s23,2,2,"Friday, February 23,",google pixel 8 v samsung s23,0.0,0.0,0.0
smartphones,Samsung A54 5G or M54 5G,1,2,"Thursday, March 28,",samsung a54 5g m54 5g,0.0,0.0,0.0
smartphones,Iphone 15 pro max or the samsung s24 ultra,2,7,"Wednesday, January 31,",iphone 15 pro max samsung s24 ultra,0.0,0.0,0.0
smartphones,Samsung s23 vs Google Pixel 8,1,4,"Thursday, April 25,",samsung s23 v google pixel 8,0.0,0.0,0.0
smartphones,It's worth to buy a Samsung Galaxy S7 in 2024?,0,7,"Thursday, April 11,",worth buy samsung galaxy s7 2024,0.3,0.1,0.2263
smartphones,Repurpose old Samsung Galaxy Note 20 Ultra (Damaged screen/Oled),1,9,"Sunday, February 25,",repurpose old samsung galaxy note 20 ultra damaged screenoled,0.1,0.2,-0.4404
smartphones,Which Samsung phone should I choose,1,1,"Wednesday, January 10,",samsung phone choose,0.0,0.0,0.0
smartphones,Samsung galaxy A34 problem,1,0,"Friday, January 5,",samsung galaxy a34 problem,0.0,0.0,-0.4019
smartphones,Samsung galaxy s24 thoughts?,1,0,"Tuesday, February 21,",samsung galaxy s24 thought,0.0,0.0,0.0
smartphones,iphone 11 vs samsung galaxy a53 5g/samsung galaxy a52s 5g/samsung galaxy s20 fe 5g,1,4,"Tuesday, November 14,",iphone 11 v samsung galaxy a53 5gsamsung galaxy a52s 5gsamsung galaxy s20 fe 5g,0.0,0.0,0.0
smartphones,Samsung S23 FE,1,1,"Monday, January 29,",samsung s23 fe,0.0,0.0,0.0
smartphones,Pixel 8 Pro vs Samsung S24 (Exynos),3,6,"Tuesday, March 19,",pixel 8 pro v samsung s24 exynos,0.0,0.0,0.0
smartphones,Should I get Samsung galaxy s22 or the Iphone 11 ?,5,14,"Thursday, April 4,",get samsung galaxy s22 iphone 11,0.0,0.0,0.0
smartphones,XIAOMI POCO F5 PRO or SAMSUNG S23 FE,1,2,"Sunday, May 21,",xiaomi poco f5 pro samsung s23 fe,0.0,0.0,0.0
smartphones,Samsung A54 or Poco F5?,3,24,"Saturday, March 2,",samsung a54 poco f5,0.0,0.0,0.0
smartphones,Samsung Galaxy S24 or iPhone 15 Pro Max?,3,8,"Saturday, March 30,",samsung galaxy s24 iphone 15 pro max,0.0,0.0,0.0
smartphones,"Which is better, Motorola or Samsung or Google Pixel?",3,5,"Sunday, January 8,",better motorola samsung google pixel,0.5,0.5,0.4404
smartphones,Samsung Galaxy S20 FE or Samsung Galaxy A53.,4,7,"Wednesday, December 20,",samsung galaxy s20 fe samsung galaxy a53,0.0,0.0,0.0
smartphones,Pixel 7a or Samsung S23FE,2,3,"Friday, January 12,",pixel 7a samsung s23fe,0.0,0.0,0.0
smartphones,Replacement for Samsung Galaxy S9+,2,1,"Friday, April 5,",replacement samsung galaxy s9,0.0,0.0,0.0
smartphones,Asus Rog Phone 8 vs. Samsung Galaxy S23 Ultra,1,4,"Saturday, January 27,",asus rog phone 8 v samsung galaxy s23 ultra,0.0,0.0,0.0
smartphones,iPhone 13 (base ) vs OnePlus 11 vs Samsung s23 (base),6,29,,iphone 13 base v oneplus 11 v samsung s23 base,-0.8,1.0,0.0
smartphones,Samsung S24 Ultra Difference: Middle East version vs international version,1,0,"Wednesday, November 22,",samsung s24 ultra difference middle east version v international version,0.0,0.0,0.0
smartphones,Samsung Galaxy S23 Ultra,1,2,"Thursday, May 9,",samsung galaxy s23 ultra,0.0,0.0,0.0
smartphones,"I dropped and smashed my Samsung Galaxy S20+ yesterday, Samsung asked me for $160 to repair the screen. Should I just get a new phone despite my data is all gone now?",1,3,"Sunday, January 14,",dropped smashed samsung galaxy s20 yesterday samsung asked 160 repair screen get new phone despite data gone,0.13636363636363635,0.45454545454545453,0.0
smartphones,Samsung charger for nothing phone 2?,1,3,"Thursday, November 23,",samsung charger nothing phone 2,0.0,0.0,0.0
smartphones,Samsung S22 worth it this year? Battery life??,4,15,"Friday, January 12,",samsung s22 worth year battery life,0.3,0.1,0.2263
smartphones,redmi note 12s or samsung a54,1,3,"Wednesday, January 31,",redmi note 12 samsung a54,0.0,0.0,0.0
smartphones,Samsung galaxy s23 VS I phone 13 pro,8,6,"Saturday, October 28,",samsung galaxy s23 v phone 13 pro,0.0,0.0,0.0
smartphones,Help Iphone vs Samsung,0,4,"Wednesday, March 1,",help iphone v samsung,0.0,0.0,0.4019
smartphones,Samsung S21 FE 5G for long-term usage,12,42,"Tuesday, April 16,",samsung s21 fe 5g longterm usage,0.0,0.0,0.0
smartphones,How well can you take notes on a Samsung S24 Ultra?,2,7,"Wednesday, December 21,",well take note samsung s24 ultra,0.0,0.0,0.2732
smartphones,Samsung Galaxy A53 5G 6/128 GB or Samsung Galaxy A52s 5G 6/128 GB?,3,19,"Saturday, November 11,",samsung galaxy a53 5g 6128 gb samsung galaxy a52s 5g 6128 gb,0.0,0.0,0.0
smartphones,Samsung s23 or iphone 13?,4,4,"Monday, December 11,",samsung s23 iphone 13,0.0,0.0,0.0
smartphones,Samsung M34 5g or Motorola g84 5g,1,8,"Thursday, May 9,",samsung m34 5g motorola g84 5g,0.0,0.0,0.0
smartphones,How long will a samsung m21 2020 model function properly?,1,0,"Wednesday, February 21,",long samsung m21 2020 model function properly,-0.025,0.25,0.0
smartphones,iphone 11 pro max or samsung s21 ultra,1,3,"Thursday, January 4,",iphone 11 pro max samsung s21 ultra,0.0,0.0,0.0
smartphones,Honor Magic 5 pro or Samsung s23+,3,5,"Saturday, January 20,",honor magic 5 pro samsung s23,0.5,1.0,0.4939
smartphones,Samsung + Magsafe case & wallet?,2,0,"Friday, January 19,",samsung magsafe case wallet,0.0,0.0,0.0
smartphones,Iphone 15 Pro or Samsung S24 (IDC about price),1,10,"Tuesday, March 19,",iphone 15 pro samsung s24 idc price,0.0,0.0,0.0
smartphones,OnePlus 12r or Vivo x90 or Samsung A55?,3,2,"Wednesday, January 17,",oneplus 12r vivo x90 samsung a55,0.0,0.0,0.0
smartphones,Iphone 12 Pro vs Samsung S21 Ultra Dillema,4,6,"Monday, May 13,",iphone 12 pro v samsung s21 ultra dillema,0.0,0.0,0.0
smartphones,How is your experience with the hotspot of Samsung (Galaxy S) phones?,3,4,"Sunday, January 7,",experience hotspot samsung galaxy phone,0.0,0.0,0.0
smartphones,When did Samsung become more expensive than Apple (India)?,5,10,"Saturday, November 25,",samsung become expensive apple india,-0.5,0.7,0.0
smartphones,Samsung Galaxy A54 or Motorola Edge 40,2,8,"Friday, May 3,",samsung galaxy a54 motorola edge 40,0.0,0.0,0.0
smartphones,SAMSUNG A05S VS MOTOROLA G24 VS POCO C65. Which one should I buy?,3,8,"Friday, April 5,",samsung a05s v motorola g24 v poco c65 one buy,0.0,0.0,0.0
smartphones,"Alternative to Samsung ""Modes and Routines"" function with other manufacturers?",1,3,,alternative samsung mode routine function manufacturer,0.0,0.0,0.0
smartphones,I need a suggestion for a new Samsung smartphone,5,7,"Wednesday, April 3,",need suggestion new samsung smartphone,0.13636363636363635,0.45454545454545453,0.0
smartphones,help with Samsung Galaxy A25 -- spam/block feature,1,0,"Friday, May 3,",help samsung galaxy a25 spamblock feature,0.0,0.0,0.4019
smartphones,Samsung a54 or poco f5 or redmi note 12 pro plus ?,2,5,"Saturday, December 2,",samsung a54 poco f5 redmi note 12 pro plus,0.0,0.0,0.0
smartphones,Cheap Samsung with good battery life,1,4,"Tuesday, December 12,",cheap samsung good battery life,0.55,0.65,0.4404
smartphones,Messages disappearing from Samsung phones,1,0,"Thursday, March 21,",message disappearing samsung phone,0.0,0.0,0.0
smartphones,Samsung s23 Vs Google pixel 8 ? Help me choose.,2,4,"Thursday, October 26,",samsung s23 v google pixel 8 help choose,0.0,0.0,0.4019
smartphones,New Samsung phone recommendations??,1,1,"Sunday, November 19,",new samsung phone recommendation,0.13636363636363635,0.45454545454545453,0.0
smartphones,Mi 11t pro vs Samsung A54?,3,4,"Monday, February 12,",mi 11t pro v samsung a54,0.0,0.0,0.0
smartphones,Samsung Galaxy S24+ (Exynos) 512 GB vs OnePlus 12 512 GB,4,15,"Friday, December 1,",samsung galaxy s24 exynos 512 gb v oneplus 12 512 gb,0.0,0.0,0.0
smartphones,iPhone 13 or Samsung s23?,1,3,"Thursday, December 22,",iphone 13 samsung s23,0.0,0.0,0.0
smartphones,Samsung s22 ultra thinking about going iphone,0,39,"Tuesday, November 28,",samsung s22 ultra thinking going iphone,0.0,0.0,0.0
smartphones,"Iphone 14 vs Samsung A34, best autonomy?",2,6,"Saturday, March 9,",iphone 14 v samsung a34 best autonomy,1.0,0.3,0.6369
smartphones,"Nothing 2a, Samsung A34 or OnePlus Nord 3",3,1,"Tuesday, May 9,",nothing 2a samsung a34 oneplus nord 3,0.0,0.0,0.0
smartphones,Realme Gt 2 pro or Samsung s21fe??,4,25,"Monday, January 15,",realme gt 2 pro samsung s21fe,0.0,0.0,0.2732
smartphones,What to get after my Samsung A52s,3,1,"Tuesday, November 21,",get samsung a52s,0.0,0.0,0.0
smartphones,Samsung S22+ vs Pixel 7 Pro,1,3,"Wednesday, November 22,",samsung s22 v pixel 7 pro,0.0,0.0,0.0
smartphones,Samsung s21 fe 5g vs Sony 10 v,2,9,"Saturday, January 20,",samsung s21 fe 5g v sony 10 v,0.0,0.0,0.0
smartphones,Iphone 13 (650€) or Samsung A54(399€ 256Gb),2,3,"Tuesday, March 12,",iphone 13 650 samsung a54399 256gb,0.0,0.0,0.0
smartphones,Xiaomi 14 or Samsung s24+ or iPhone 14,4,0,"Friday, April 19,",xiaomi 14 samsung s24 iphone 14,0.0,0.0,0.0
smartphones,I am 14 and my parents are making me switch from iPhone 13 to Samsung S24,0,23,"Thursday, January 4,",14 parent making switch iphone 13 samsung s24,0.0,0.0,0.0
smartphones,Samsung Launches Double Folding Futuristic Phones 2024,1,2,"Monday, May 8,",samsung launch double folding futuristic phone 2024,0.0,0.0,0.0
smartphones,Iphone 14 Pro vs Samsung S23+,10,19,"Sunday, January 28,",iphone 14 pro v samsung s23,0.0,0.0,0.0
smartphones,Samsung S24 Ultra or OnePlus 12 or ?,1,5,"Tuesday, November 14,",samsung s24 ultra oneplus 12,0.0,0.0,0.0
smartphones,pixels stay snappier than Samsungs?,1,1,"Sunday, May 14,",pixel stay snappier samsungs,0.0,0.0,0.0
smartphones,Samsung Galaxy s23 Ultra vs iPhone 14 Pro Max,7,37,,samsung galaxy s23 ultra v iphone 14 pro max,0.0,0.0,0.0
smartphones,Samsung s23 U vs Iphone 14 pro max for instagram&tiktok?,2,0,"Sunday, April 23,",samsung s23 u v iphone 14 pro max instagramtiktok,0.0,0.0,0.0
smartphones,iPhone 12 or Samsung Galaxy A54?,3,24,"Saturday, April 6,",iphone 12 samsung galaxy a54,0.0,0.0,0.0
smartphones,"Samsung CEO woke up, decided to be an idiot, and choose to put exynos 2400 in S24+ region based",31,28,"Saturday, October 29,",samsung ceo woke decided idiot choose put exynos 2400 s24 region based,-0.8,0.8,-0.5106
smartphones,Samsung s21,3,16,"Monday, March 25,",samsung s21,0.0,0.0,0.0
smartphones,Change from iPhone 14 pro to Samsung or OP-recommendations,1,3,"Thursday, March 16,",change iphone 14 pro samsung oprecommendations,0.0,0.0,0.0
smartphones,Samsung A34 5G: Is it good?,7,22,"Wednesday, December 28,",samsung a34 5g good,0.7,0.6000000000000001,0.4404
smartphones,Samsung S21 Ultra,3,16,"Friday, February 3,",samsung s21 ultra,0.0,0.0,0.0
smartphones,Iphone 13 vs Samsung s22,5,20,"Thursday, April 11,",iphone 13 v samsung s22,0.0,0.0,0.0
smartphones,"Help me decide: Google Pixel 8, Samsung S23, or iPhone 14",1,3,"Saturday, December 16,",help decide google pixel 8 samsung s23 iphone 14,0.0,0.0,0.4019
smartphones,samsung a54 dual sim/sd scard slot,2,1,"Tuesday, November 21,",samsung a54 dual simsd scard slot,0.0,0.0,0.0
smartphones,iPhone 15 Pro vs Samsung Galaxy S23+,4,6,"Friday, March 3,",iphone 15 pro v samsung galaxy s23,0.0,0.0,0.0
smartphones,Why do iPhone users hate Samsung/Android so much?,26,36,"Sunday, March 17,",iphone user hate samsungandroid much,-0.30000000000000004,0.55,-0.5719
smartphones,Samsung Galaxy A54 5G microphone broken when using the camera,1,0,"Friday, November 17,",samsung galaxy a54 5g microphone broken using camera,-0.4,0.4,-0.4767
smartphones,New phone - Samsung Galaxy A34?,2,0,"Thursday, November 16,",new phone samsung galaxy a34,0.13636363636363635,0.45454545454545453,0.0
smartphones,Samsung A53 screen mirroring with broken display,1,3,"Thursday, October 20,",samsung a53 screen mirroring broken display,-0.4,0.4,-0.4767
smartphones,iPhone or Samsung?,14,20,"Tuesday, March 12,",iphone samsung,0.0,0.0,0.0
smartphones,Help me choose between a Xiaomi 14 and Samsung S23 please!,4,2,"Thursday, June 1,",help choose xiaomi 14 samsung s23 please,0.0,0.0,0.6124
smartphones,iPhone vs Samsung,3,7,"Saturday, December 2,",iphone v samsung,0.0,0.0,0.0
smartphones,Anyone switched to Sony from Samsung? How is it?,1,7,"Sunday, November 5,",anyone switched sony samsung,0.0,0.0,0.0
smartphones,Base Samsung S23 vs Iphone 14 Pro,2,3,"Wednesday, October 25,",base samsung s23 v iphone 14 pro,-0.8,1.0,0.0
smartphones,iPhone SE 3 vs Samsung s20fe?,1,4,"Monday, March 18,",iphone se 3 v samsung s20fe,0.0,0.0,0.0
smartphones,Camera zoom bug on Samsung Galaxy S24 Ultra and Plus models [Video],1,4,"Monday, October 4,",camera zoom bug samsung galaxy s24 ultra plus model video,0.0,0.0,0.0
smartphones,Samsung S20 FE vs Samsung A52 or Samsung M52 or asus rog 3,4,11,"Monday, May 8,",samsung s20 fe v samsung a52 samsung m52 asus rog 3,0.0,0.0,0.0
smartphones,Pixel 7 Pro or Samsung Ultra 23?,2,18,"Thursday, January 25,",pixel 7 pro samsung ultra 23,0.0,0.0,0.0
smartphones,What should I get iPhone 15 pro or latest Motorola or Samsung?,4,12,,get iphone 15 pro latest motorola samsung,0.5,0.9,0.0
smartphones,iPhone 14 base model vs Samsung s23 base model,4,2,"Thursday, December 28,",iphone 14 base model v samsung s23 base model,-0.8,1.0,0.0
smartphones,Samsung removes posts about their foldable hinge reliability,4,0,"Monday, January 23,",samsung remove post foldable hinge reliability,0.0,0.0,0.0
smartphones,Vivo or Samsung,4,10,"Saturday, May 13,",vivo samsung,0.0,0.0,0.0
smartphones,Samsung Galaxy A53 worth buying?,3,8,"Monday, March 25,",samsung galaxy a53 worth buying,0.3,0.1,0.2263
smartphones,Xiaomi Redmi Note 13 pro+ vs pro vs Samsung a54 vs a55,3,1,"Monday, November 20,",xiaomi redmi note 13 pro v pro v samsung a54 v a55,0.0,0.0,0.0
smartphones,Good deal on Samsung Galaxy Flip 5?,1,0,"Tuesday, March 7,",good deal samsung galaxy flip 5,0.7,0.6000000000000001,0.4404
smartphones,Samsung or other Android phone?,4,13,"Tuesday, December 26,",samsung android phone,0.0,0.0,0.0
smartphones,Is Samsung Galaxy A24 a good phone for gaming?,1,2,"Monday, April 3,",samsung galaxy a24 good phone gaming,0.7,0.6000000000000001,0.4404
smartphones,Samsung galaxy s23 ultra vs iphone 14 pro max,9,26,"Sunday, April 9,",samsung galaxy s23 ultra v iphone 14 pro max,0.0,0.0,0.0
smartphones,"Samsung Galaxy A23, M33 5g, or any other suggestions in this range?(samsung only)",1,0,"Sunday, March 31,",samsung galaxy a23 m33 5g suggestion rangesamsung,0.0,0.0,0.0
smartphones,Should I get Poco X6 pro or a used Samsung S21 Ultra,2,0,"Thursday, May 11,",get poco x6 pro used samsung s21 ultra,0.0,0.0,0.0
smartphones,Iphone 8 Plus vs Samsung Galaxy A32,2,15,"Thursday, April 20,",iphone 8 plus v samsung galaxy a32,0.0,0.0,0.0
smartphones,Iphone 14 or samsung s22 or oneplus 11,5,20,"Monday, May 16,",iphone 14 samsung s22 oneplus 11,0.0,0.0,0.0
smartphones,Samsung Galaxy A42 to Samsung a22,2,3,"Sunday, April 2,",samsung galaxy a42 samsung a22,0.0,0.0,0.0
smartphones,Xiaomi 13 vs Samsung S23 Ultra?,1,14,"Wednesday, May 24,",xiaomi 13 v samsung s23 ultra,0.0,0.0,0.0
smartphones,Samsung S20 FE,2,1,"Saturday, May 4,",samsung s20 fe,0.0,0.0,0.0
smartphones,recorded video on Samsung S23 plays smoothly on the smartphone but stutters when played PC,2,3,"Tuesday, May 21,",recorded video samsung s23 play smoothly smartphone stutter played pc,0.4,0.5,0.4215
smartphones,Why did my Samsung s21 phone battery life went down from 12 hrs to 10hrs,2,0,"Monday, April 18,",samsung s21 phone battery life went 12 hr 10hrs,0.0,0.0,0.0
smartphones,Samsung needs to be stopped,15,29,"Thursday, April 14,",samsung need stopped,0.0,0.0,-0.2263
smartphones,Pixel 5 vs Samsung A53G,2,32,"Sunday, January 22,",pixel 5 v samsung a53g,0.0,0.0,0.0
smartphones,Samsung or Google?,7,7,"Tuesday, December 19,",samsung google,0.0,0.0,0.0
smartphones,Realme 10/Samsung A24 vs Pre-owned Pixel 5.,1,1,"Saturday, March 11,",realme 10samsung a24 v preowned pixel 5,0.0,0.0,0.0
smartphones,Samsung or Google? S9 user,1,11,"Tuesday, May 16,",samsung google s9 user,0.0,0.0,0.0
smartphones,Samsung S22 or Iphone 14,1,7,"Saturday, January 27,",samsung s22 iphone 14,0.0,0.0,0.0
smartphones,Can't stop Samsung Internet from popping up on S22 phone,2,0,,cant stop samsung internet popping s22 phone,0.0,0.0,0.2235
smartphones,Samsung Galaxy XCover 6 Pro,5,14,"Saturday, May 20,",samsung galaxy xcover 6 pro,0.0,0.0,0.0
smartphones,Samsung S21 or Note 20?,2,6,"Friday, May 12,",samsung s21 note 20,0.0,0.0,0.0
smartphones,Samsung s23 ultra,3,1,"Saturday, June 3,",samsung s23 ultra,0.0,0.0,0.0
smartphones,Pixel 7/7a or Samsung s22 exynos,5,11,"Thursday, December 29,",pixel 77a samsung s22 exynos,0.0,0.0,0.0
smartphones,I'm confused between Nothing phone 1 and Samsung Galaxy A53,6,34,"Friday, November 17,",im confused nothing phone 1 samsung galaxy a53,-0.4,0.7,-0.3182
smartphones,Should I buy the Samsung Galaxy A24 or Realme C55?,1,6,"Wednesday, November 22,",buy samsung galaxy a24 realme c55,0.0,0.0,0.0
smartphones,iPhone 12 v.s Samsung Galaxy S21,2,0,"Saturday, December 3,",iphone 12 v samsung galaxy s21,0.0,0.0,0.0
smartphones,Updates Samsung s21 base model,1,16,"Tuesday, November 21,",update samsung s21 base model,-0.8,1.0,0.0
smartphones,Samsung A54 or Realme 11 Pro + ?,1,0,"Sunday, March 10,",samsung a54 realme 11 pro,0.0,0.0,0.0
smartphones,Good old Samsung vs Apple (S24U vs. 15 Pro Max) but with a catch.,2,5,"Tuesday, February 14,",good old samsung v apple s24u v 15 pro max catch,0.39999999999999997,0.4,0.4404
smartphones,Samsung Galaxy A53 or A54?,2,11,"Sunday, April 9,",samsung galaxy a53 a54,0.0,0.0,0.0
smartphones,Samsung Galaxy A14 5G Reviews?,6,7,"Saturday, November 26,",samsung galaxy a14 5g review,0.0,0.0,0.0
smartphones,Samsung a52s 5g,2,9,"Thursday, March 28,",samsung a52s 5g,0.0,0.0,0.0
smartphones,Samsung Galaxy A55 with Exynos 1480 isn't as bad as you think it is,3,2,"Wednesday, April 26,",samsung galaxy a55 exynos 1480 isnt bad think,-0.6999999999999998,0.6666666666666666,0.431
smartphones,Where to buy a Samsung Tizen Phone (Z1-Z4)?,5,18,"Thursday, April 27,",buy samsung tizen phone z1z4,0.0,0.0,0.0
smartphones,Samsung Galaxy A54 vs S23 plus,3,9,"Wednesday, December 13,",samsung galaxy a54 v s23 plus,0.0,0.0,0.0
smartphones,"RECOMMEND an Samsung Smartone under ₹25,000, I'm from india.",0,2,"Monday, February 5,",recommend samsung smartone 25000 im india,0.0,0.0,0.3612
smartphones,Seven out of ten OLED phone users answered that Samsung OLED is the best.,0,7,"Friday, January 13,",seven ten oled phone user answered samsung oled best,0.5,0.15,0.6369
smartphones,Is the battery of Samsung S22 Ultra that bad?,14,25,"Monday, April 8,",battery samsung s22 ultra bad,-0.6999999999999998,0.6666666666666666,-0.5423
smartphones,i have 2018 samsung a7 (or a70 i dont know) i might need something new soon,0,6,"Saturday, March 16,",2018 samsung a7 a70 dont know might need something new soon,0.13636363636363635,0.45454545454545453,0.0
smartphones,Considering Switching from Samsung to OnePlus 10T: Need Advice on US Version,2,0,"Saturday, January 27,",considering switching samsung oneplus 10t need advice u version,0.0,0.0,0.0
smartphones,Upgraded from Iphone SE to Samsung S21 FE. Quite an upgrade?,2,0,"Wednesday, April 17,",upgraded iphone se samsung s21 fe quite upgrade,0.0,0.0,0.0
smartphones,Life long iPhone user switching to Samsung Z Fold 4 for almost 2 years,3,1,"Sunday, November 29,",life long iphone user switching samsung z fold 4 almost 2 year,-0.05,0.4,0.0
smartphones,Stop Recommending the Samsung S20 FE,54,45,,stop recommending samsung s20 fe,0.0,0.0,-0.296
